0.4 3.48385e+03
0.41 3.44778e+03
0.42 3.41105e+03
0.44 3.34043e+03
0.45 3.30460e+03
0.46 3.27603e+03
0.47 3.24542e+03
0.48 3.21289e+03
0.49 3.18426e+03
0.5 3.15754e+03
0.51 3.13083e+03
0.52 3.10487e+03
0.53 3.07698e+03
0.54 3.05610e+03
0.55 3.02765e+03
0.56 3.01159e+03
0.57 2.98479e+03
0.58 2.96457e+03
0.59 2.93470e+03
0.6 2.91018e+03
0.61 2.88253e+03
0.62 2.86605e+03
0.63 2.84148e+03
0.64 2.81379e+03
0.65 2.79514e+03
0.66 2.77211e+03
0.67 2.74943e+03
0.68 2.73138e+03
0.69 2.71844e+03
0.7 2.70014e+03
0.71 2.68568e+03
0.72 2.67023e+03
0.73 2.65020e+03
0.74 2.63583e+03
0.75 2.61753e+03
0.76 2.60630e+03
0.77 2.59472e+03
0.78 2.57786e+03
0.79 2.56647e+03
0.8 2.54961e+03
0.81 2.53384e+03
0.82 2.51956e+03
0.83 2.50661e+03
0.84 2.49465e+03
0.85 2.48423e+03
0.86 2.47558e+03
0.87 2.46619e+03
0.88 2.46430e+03
0.89 2.45764e+03
0.9 2.44793e+03
0.91 2.43608e+03
0.92 2.42987e+03
0.93 2.42276e+03
0.94 2.41397e+03
0.95 2.40761e+03
0.96 2.40046e+03
0.97 2.39120e+03
0.98 2.37955e+03
0.99 2.36944e+03
