0.4 4.63051e+02
0.41 4.30940e+02
0.42 4.27978e+02
0.44 4.05901e+02
0.45 4.01468e+02
0.46 3.79876e+02
0.47 3.66888e+02
0.48 3.71166e+02
0.49 3.45263e+02
0.5 3.18890e+02
0.51 3.12597e+02
0.52 2.98559e+02
0.53 2.92975e+02
0.54 2.80574e+02
0.55 2.87044e+02
0.56 2.61039e+02
0.57 2.56650e+02
0.58 2.25582e+02
0.59 2.37712e+02
0.6 2.38602e+02
0.61 2.57490e+02
0.62 2.38537e+02
0.63 2.31618e+02
0.64 2.37201e+02
0.65 2.27659e+02
0.66 2.21413e+02
0.67 2.27213e+02
0.68 2.17320e+02
0.69 2.07596e+02
0.7 2.08489e+02
0.71 1.94641e+02
0.72 1.99484e+02
0.73 2.06798e+02
0.74 1.97874e+02
0.75 1.96582e+02
0.76 1.85703e+02
0.77 1.75838e+02
0.78 1.74640e+02
0.79 1.66332e+02
0.8 1.70348e+02
0.81 1.67804e+02
0.82 1.70342e+02
0.83 1.62562e+02
0.84 1.54248e+02
0.85 1.52298e+02
0.86 1.37504e+02
0.87 1.28199e+02
0.88 1.06230e+02
0.89 9.85812e+01
0.9 9.06900e+01
0.91 9.07737e+01
0.92 7.93604e+01
0.93 6.53514e+01
0.94 6.38402e+01
0.95 6.30200e+01
0.96 5.10476e+01
0.97 4.79406e+01
0.98 5.11443e+01
0.99 5.70521e+01
