0.4 -1.13717e+05
0.41 -1.10280e+05
0.42 -1.07016e+05
0.44 -1.00391e+05
0.45 -9.73019e+04
0.46 -9.48835e+04
0.47 -9.21763e+04
0.48 -8.95558e+04
0.49 -8.68162e+04
0.5 -8.47360e+04
0.51 -8.27586e+04
0.52 -8.05977e+04
0.53 -7.85489e+04
0.54 -7.74083e+04
0.55 -7.51471e+04
0.56 -7.43136e+04
0.57 -7.27457e+04
0.58 -7.10662e+04
0.59 -6.85159e+04
0.6 -6.68383e+04
0.61 -6.47488e+04
0.62 -6.37001e+04
0.63 -6.18545e+04
0.64 -5.96932e+04
0.65 -5.83214e+04
0.66 -5.65634e+04
0.67 -5.51475e+04
0.68 -5.40604e+04
0.69 -5.33364e+04
0.7 -5.22676e+04
0.71 -5.12125e+04
0.72 -5.06038e+04
0.73 -4.95268e+04
0.74 -4.87730e+04
0.75 -4.75308e+04
0.76 -4.68571e+04
0.77 -4.64003e+04
0.78 -4.53100e+04
0.79 -4.45563e+04
0.8 -4.36817e+04
0.81 -4.28117e+04
0.82 -4.20416e+04
0.83 -4.12167e+04
0.84 -4.03811e+04
0.85 -3.99373e+04
0.86 -3.93636e+04
0.87 -3.87189e+04
0.88 -3.89374e+04
0.89 -3.88216e+04
0.9 -3.85842e+04
0.91 -3.78123e+04
0.92 -3.78097e+04
0.93 -3.79060e+04
0.94 -3.75091e+04
0.95 -3.70860e+04
0.96 -3.69762e+04
0.97 -3.64885e+04
0.98 -3.57266e+04
0.99 -3.51273e+04
