0.4 5.73831e+05
0.41 5.36212e+05
0.42 5.32898e+05
0.44 5.07672e+05
0.45 5.02757e+05
0.46 4.76945e+05
0.47 4.61350e+05
0.48 4.67211e+05
0.49 4.35809e+05
0.5 4.03658e+05
0.51 3.96415e+05
0.52 3.79384e+05
0.53 3.72810e+05
0.54 3.57987e+05
0.55 3.65953e+05
0.56 3.34485e+05
0.57 3.29463e+05
0.58 2.91083e+05
0.59 3.05690e+05
0.6 3.07143e+05
0.61 3.30642e+05
0.62 3.07251e+05
0.63 2.98432e+05
0.64 3.05508e+05
0.65 2.93502e+05
0.66 2.85648e+05
0.67 2.93123e+05
0.68 2.80831e+05
0.69 2.68901e+05
0.7 2.69886e+05
0.71 2.52305e+05
0.72 2.58669e+05
0.73 2.68221e+05
0.74 2.57100e+05
0.75 2.55465e+05
0.76 2.41429e+05
0.77 2.29070e+05
0.78 2.27497e+05
0.79 2.16946e+05
0.8 2.21997e+05
0.81 2.19116e+05
0.82 2.22182e+05
0.83 2.12415e+05
0.84 2.01585e+05
0.85 1.99218e+05
0.86 1.80186e+05
0.87 1.68108e+05
0.88 1.39962e+05
0.89 1.30245e+05
0.9 1.20607e+05
0.91 1.20415e+05
0.92 1.06445e+05
0.93 8.93568e+04
0.94 8.76356e+04
0.95 8.63095e+04
0.96 7.11701e+04
0.97 6.72923e+04
0.98 7.09741e+04
0.99 7.80815e+04
