163012.000000 6400944.000000 1.000000 3.000000 1.000000 1.000000 49.806485 0.096678
164354.000000 1842551.000000 1.000000 3.000000 1.000000 1.000000 37.424757 0.249305
165121.000000 428911.000000 1.000000 3.000000 1.000000 1.000000 55.040859 0.262769
165122.000000 674109.000000 1.000000 3.000000 1.000000 1.000000 40.429511 0.012205
165271.000000 6116896.000000 1.000000 3.000000 1.000000 1.000000 31.883619 0.000504
165836.000000 566421.000000 1.000000 3.000000 1.000000 1.000000 26.302473 0.213687
165902.000000 1487424.000000 1.000000 3.000000 1.000000 1.000000 37.355887 0.200327
166007.000000 498553.000000 1.000000 3.000000 1.000000 1.000000 46.041459 0.837488
166479.000000 4910255.000000 1.000000 3.000000 1.000000 1.000000 40.131875 0.185994
166567.000000 6377008.000000 1.000000 3.000000 1.000000 1.000000 40.840548 0.741760
166615.000000 6805282.000000 1.000000 3.000000 1.000000 1.000000 55.164464 0.097331
166654.000000 268287.000000 1.000000 3.000000 1.000000 1.000000 26.412225 0.047139
167053.000000 7442159.000000 1.000000 3.000000 1.000000 1.000000 74.773653 0.074408
167297.000000 491460.000000 1.000000 3.000000 1.000000 1.000000 54.962664 0.132723
167977.000000 785542.000000 1.000000 3.000000 2.000000 1.000000 52.886169 0.139386
168599.000000 3427662.000000 1.000000 3.000000 2.000000 1.000000 44.731048 0.152426
176651.000000 297931.000000 1.000000 3.000000 1.000000 1.000000 40.705003 0.015834
177214.000000 803571.000000 1.000000 3.000000 1.000000 1.000000 46.511263 0.007320
177314.000000 4056160.000000 1.000000 3.000000 1.000000 1.000000 28.329586 0.063145
177927.000000 3216152.000000 1.000000 3.000000 1.000000 1.000000 131.518401 0.014659
178513.000000 327028.000000 1.000000 3.000000 1.000000 1.000000 34.426118 0.045499
178738.000000 10453838.000000 1.000000 3.000000 1.000000 1.000000 59.929002 0.198052
178759.000000 1601160.000000 1.000000 3.000000 2.000000 1.000000 23.685278 0.403791
178854.000000 4446698.000000 1.000000 3.000000 1.000000 1.000000 91.951643 0.239844
178882.000000 1300078.000000 1.000000 3.000000 2.000000 1.000000 57.516226 0.134209
183125.000000 1590533.000000 1.000000 3.000000 1.000000 1.000000 40.831498 0.124182
183209.000000 281684.000000 1.000000 3.000000 1.000000 1.000000 37.897267 0.758524
183696.000000 4315391.000000 1.000000 3.000000 1.000000 1.000000 41.758407 0.029026
183785.000000 3862531.000000 1.000000 3.000000 2.000000 1.000000 38.516946 0.501297
183915.000000 355338.000000 1.000000 3.000000 1.000000 1.000000 60.222827 0.212439
184068.000000 2338573.000000 1.000000 3.000000 1.000000 1.000000 59.508626 0.426857
184463.000000 4564155.000000 1.000000 3.000000 1.000000 1.000000 56.675005 0.002817
184466.000000 383360.000000 1.000000 3.000000 1.000000 1.000000 89.800291 0.017910
184495.000000 4025111.000000 1.000000 3.000000 1.000000 1.000000 42.139418 0.096192
184832.000000 7457593.000000 1.000000 3.000000 1.000000 1.000000 52.394025 0.170073
185249.000000 5691924.000000 1.000000 3.000000 1.000000 1.000000 116.230494 0.078595
185281.000000 18790240.000000 1.000000 3.000000 1.000000 1.000000 40.113390 0.027837
185332.000000 11657514.000000 1.000000 3.000000 1.000000 1.000000 51.811266 0.035543
185634.000000 6538828.000000 1.000000 3.000000 1.000000 1.000000 30.882273 0.302389
185634.000000 11101964.000000 1.000000 3.000000 1.000000 1.000000 45.944869 0.000244
150395.000000 98852.000000 1.000000 3.000000 1.000000 1.000000 20.799309 0.086754
151869.000000 690782.000000 1.000000 3.000000 1.000000 1.000000 31.502239 0.275205
154175.000000 1588629.000000 1.000000 3.000000 1.000000 1.000000 22.357630 0.040049
155145.000000 132579.000000 1.000000 3.000000 2.000000 1.000000 52.612164 0.166948
155345.000000 3194866.000000 1.000000 3.000000 1.000000 1.000000 24.888651 0.581250
155793.000000 4312618.000000 1.000000 3.000000 1.000000 1.000000 62.662592 0.251719
156116.000000 6116596.000000 1.000000 3.000000 1.000000 1.000000 25.185954 0.119496
194030.000000 118181.000000 1.000000 3.000000 1.000000 1.000000 24.914996 0.075274
194383.000000 2534358.000000 1.000000 3.000000 1.000000 1.000000 21.148308 0.016996
194536.000000 2559039.000000 1.000000 3.000000 2.000000 1.000000 51.485409 0.310187
194590.000000 3920511.000000 1.000000 3.000000 1.000000 1.000000 27.808770 0.084908
194810.000000 1510338.000000 1.000000 3.000000 1.000000 1.000000 33.211591 0.048147
194845.000000 6370462.000000 1.000000 3.000000 1.000000 1.000000 52.787358 0.151262
194862.000000 7001586.000000 1.000000 3.000000 1.000000 1.000000 82.420562 0.034138
195405.000000 1128016.000000 1.000000 3.000000 1.000000 1.000000 41.021900 0.232202
195719.000000 5101562.000000 1.000000 3.000000 2.000000 1.000000 25.655470 0.130605
195781.000000 1077855.000000 1.000000 3.000000 1.000000 1.000000 29.788465 0.014819
196099.000000 1589818.000000 1.000000 3.000000 1.000000 1.000000 84.092079 0.041860
196228.000000 1110979.000000 1.000000 3.000000 1.000000 1.000000 26.545149 0.105984
196228.000000 4476398.000000 1.000000 3.000000 1.000000 1.000000 28.010844 0.015906
196352.000000 1958451.000000 1.000000 3.000000 1.000000 1.000000 35.119337 0.041952
196489.000000 4077074.000000 1.000000 3.000000 2.000000 1.000000 66.325383 0.182833
196737.000000 4020574.000000 1.000000 3.000000 2.000000 1.000000 71.923794 0.059532
196737.000000 4100000.000000 1.000000 3.000000 1.000000 1.000000 51.422119 0.029119
196737.000000 5530429.000000 1.000000 3.000000 1.000000 1.000000 22.564975 0.510372
196879.000000 5027675.000000 1.000000 3.000000 1.000000 1.000000 31.027531 0.013016
196901.000000 11016264.000000 1.000000 3.000000 1.000000 1.000000 40.647237 0.106900
196901.000000 12021986.000000 1.000000 3.000000 1.000000 1.000000 120.966515 0.108390
197808.000000 2351983.000000 1.000000 3.000000 1.000000 1.000000 33.526968 0.220108
197995.000000 3066734.000000 1.000000 3.000000 1.000000 1.000000 24.971034 0.028626
198423.000000 174119.000000 1.000000 3.000000 1.000000 1.000000 43.458339 0.024542
198514.000000 10872265.000000 1.000000 3.000000 1.000000 1.000000 45.605267 0.405218
198881.000000 386528.000000 1.000000 3.000000 1.000000 1.000000 39.504833 0.012854
199025.000000 21274536.000000 1.000000 3.000000 1.000000 1.000000 55.890167 0.898325
199143.000000 2702248.000000 1.000000 3.000000 1.000000 1.000000 54.385542 0.196820
199217.000000 2091197.000000 1.000000 3.000000 1.000000 1.000000 53.584957 0.205091
199594.000000 2037981.000000 1.000000 3.000000 1.000000 1.000000 63.822776 0.362970
200274.000000 726185.000000 1.000000 3.000000 1.000000 1.000000 122.377442 0.056756
200635.000000 1127542.000000 1.000000 3.000000 1.000000 1.000000 47.387686 0.710288
200641.000000 8269653.000000 1.000000 3.000000 1.000000 1.000000 81.309545 0.419117
202313.000000 1111545.000000 1.000000 3.000000 1.000000 1.000000 21.060172 0.499374
202353.000000 995848.000000 1.000000 3.000000 1.000000 1.000000 91.388431 0.007925
202365.000000 2611334.000000 1.000000 3.000000 1.000000 1.000000 50.044051 0.295555
202739.000000 4828836.000000 1.000000 3.000000 2.000000 1.000000 44.810518 0.072713
202770.000000 1582384.000000 1.000000 3.000000 1.000000 1.000000 51.385631 0.582763
202817.000000 452786.000000 1.000000 3.000000 1.000000 1.000000 30.722038 0.485704
203015.000000 4094554.000000 1.000000 3.000000 1.000000 1.000000 21.914061 0.207441
203055.000000 14080887.000000 1.000000 3.000000 2.000000 1.000000 36.251752 0.119813
203262.000000 518635.000000 1.000000 3.000000 1.000000 1.000000 38.850684 0.082176
203262.000000 897479.000000 1.000000 3.000000 1.000000 1.000000 56.120117 0.352831
203265.000000 16662212.000000 1.000000 3.000000 1.000000 1.000000 78.878833 0.061052
203383.000000 483117.000000 1.000000 3.000000 1.000000 1.000000 48.151033 0.191673
203437.000000 2186541.000000 1.000000 3.000000 1.000000 1.000000 29.993842 0.623654
203439.000000 1605430.000000 1.000000 3.000000 1.000000 1.000000 106.914546 0.062421
203488.000000 2391646.000000 1.000000 3.000000 1.000000 1.000000 41.959820 0.209367
203506.000000 153385.000000 1.000000 3.000000 1.000000 1.000000 24.208281 0.123757
203764.000000 1192967.000000 1.000000 3.000000 1.000000 1.000000 44.015020 0.034061
203799.000000 3703779.000000 1.000000 3.000000 1.000000 1.000000 38.731727 0.004701
191545.000000 301942.000000 1.000000 3.000000 1.000000 1.000000 38.330108 0.089377
191636.000000 1939495.000000 1.000000 3.000000 1.000000 1.000000 59.548631 0.500327
191766.000000 1166089.000000 1.000000 3.000000 2.000000 1.000000 37.707402 0.271527
192230.000000 2121129.000000 1.000000 3.000000 2.000000 1.000000 50.330164 0.378490
192299.000000 31813.000000 1.000000 3.000000 1.000000 1.000000 22.662749 0.171275
192300.000000 1329376.000000 1.000000 3.000000 2.000000 1.000000 52.876543 0.094884
192892.000000 5890336.000000 1.000000 3.000000 1.000000 1.000000 43.302823 0.085564
209848.000000 1384723.000000 1.000000 3.000000 1.000000 1.000000 50.092991 0.061075
209920.000000 4823511.000000 1.000000 3.000000 1.000000 1.000000 47.231909 0.478138
209984.000000 1153324.000000 1.000000 3.000000 1.000000 1.000000 44.830582 0.011767
209986.000000 760001.000000 1.000000 3.000000 1.000000 1.000000 58.575158 0.039737
210008.000000 9430266.000000 1.000000 3.000000 1.000000 1.000000 36.782589 0.081008
210008.000000 10500574.000000 1.000000 3.000000 1.000000 1.000000 62.563668 0.279500
211130.000000 2835903.000000 1.000000 3.000000 2.000000 1.000000 36.031372 0.183800
211396.000000 3805643.000000 1.000000 3.000000 1.000000 1.000000 81.999771 0.238905
211396.000000 2039876.000000 1.000000 3.000000 1.000000 1.000000 42.788383 0.113101
211441.000000 3126723.000000 1.000000 3.000000 1.000000 1.000000 61.301755 0.239563
211452.000000 15827188.000000 1.000000 3.000000 1.000000 1.000000 21.990719 0.337514
204116.000000 143264.000000 1.000000 3.000000 2.000000 1.000000 84.543322 0.746083
204402.000000 3005825.000000 1.000000 3.000000 1.000000 1.000000 53.547304 0.157749
204444.000000 3287460.000000 1.000000 3.000000 1.000000 1.000000 25.562279 0.219433
204550.000000 4897946.000000 1.000000 3.000000 1.000000 1.000000 124.569888 0.027538
204639.000000 155989.000000 1.000000 3.000000 1.000000 1.000000 20.318853 0.932418
204640.000000 4375629.000000 1.000000 3.000000 1.000000 1.000000 48.469254 0.029891
204643.000000 3738542.000000 1.000000 3.000000 1.000000 1.000000 52.409946 0.248523
204682.000000 6189520.000000 1.000000 3.000000 1.000000 1.000000 71.701133 0.101321
204722.000000 8225858.000000 1.000000 3.000000 1.000000 1.000000 31.442306 0.138295
204750.000000 1888180.000000 1.000000 3.000000 1.000000 1.000000 73.388773 0.054165
204927.000000 181184.000000 1.000000 3.000000 2.000000 1.000000 29.638612 0.090251
205021.000000 1010554.000000 1.000000 3.000000 1.000000 1.000000 30.837965 0.095678
205074.000000 3564563.000000 1.000000 3.000000 1.000000 1.000000 49.877697 0.230833
205075.000000 2784873.000000 1.000000 3.000000 1.000000 1.000000 77.040398 0.086766
205640.000000 2178073.000000 1.000000 3.000000 1.000000 1.000000 35.923427 0.044723
206174.000000 7469777.000000 1.000000 3.000000 2.000000 1.000000 27.263726 0.308651
206285.000000 8641717.000000 1.000000 3.000000 1.000000 1.000000 39.894036 0.479784
206285.000000 13303095.000000 1.000000 3.000000 1.000000 1.000000 59.436430 0.077155
206285.000000 15543932.000000 1.000000 3.000000 1.000000 1.000000 61.586463 0.061537
206326.000000 2574800.000000 1.000000 3.000000 1.000000 1.000000 50.606720 0.141362
206445.000000 182296.000000 1.000000 3.000000 1.000000 1.000000 38.220165 0.153770
206537.000000 11150021.000000 1.000000 3.000000 1.000000 1.000000 28.020392 0.139052
206695.000000 2709830.000000 1.000000 3.000000 2.000000 1.000000 25.029260 0.222060
206723.000000 1335348.000000 1.000000 3.000000 1.000000 1.000000 39.078226 0.232831
207078.000000 1289045.000000 1.000000 3.000000 2.000000 1.000000 43.428431 0.170685
207078.000000 2682009.000000 1.000000 3.000000 1.000000 1.000000 45.089713 0.826702
207115.000000 6095772.000000 1.000000 3.000000 1.000000 1.000000 43.636318 0.768482
207153.000000 1163195.000000 1.000000 3.000000 1.000000 1.000000 69.080790 0.177484
207488.000000 6167296.000000 1.000000 3.000000 1.000000 1.000000 21.266398 0.929576
209265.000000 13931882.000000 1.000000 3.000000 1.000000 1.000000 61.665623 0.118172
209492.000000 613521.000000 1.000000 3.000000 1.000000 1.000000 39.548039 0.303461
209819.000000 6742800.000000 1.000000 3.000000 2.000000 1.000000 40.051117 0.213475
230563.000000 8782965.000000 1.000000 3.000000 1.000000 1.000000 28.555550 0.025570
228698.000000 1847415.000000 1.000000 3.000000 1.000000 1.000000 32.822439 0.068372
231082.000000 5537431.000000 1.000000 3.000000 1.000000 1.000000 32.027560 0.675187
231478.000000 9141198.000000 1.000000 3.000000 1.000000 1.000000 101.449159 0.006446
232062.000000 37928724.000000 1.000000 3.000000 2.000000 1.000000 20.728998 0.911328
232841.000000 8616297.000000 1.000000 3.000000 1.000000 1.000000 50.664268 0.135760
232500.000000 4333.000000 1.000000 3.000000 1.000000 1.000000 38.297000 0.165946
231161.000000 3961138.000000 1.000000 3.000000 1.000000 1.000000 22.804127 0.534188
231201.000000 3657440.000000 1.000000 3.000000 2.000000 1.000000 32.459450 0.090790
228902.000000 2366695.000000 1.000000 3.000000 1.000000 1.000000 183.947670 0.029453
229448.000000 6962560.000000 1.000000 3.000000 1.000000 1.000000 107.149355 0.103545
231929.000000 4851383.000000 1.000000 3.000000 1.000000 1.000000 41.197008 0.105492
232812.000000 21747324.000000 1.000000 3.000000 1.000000 1.000000 90.074911 0.330233
231907.000000 6910093.000000 1.000000 3.000000 1.000000 1.000000 21.161796 0.097465
231907.000000 2714109.000000 1.000000 3.000000 1.000000 1.000000 25.008703 0.006294
231907.000000 4125482.000000 1.000000 3.000000 1.000000 1.000000 31.827605 0.218808
230621.000000 3169099.000000 1.000000 3.000000 1.000000 1.000000 45.160537 0.031120
232286.000000 891372.000000 1.000000 3.000000 1.000000 1.000000 25.762716 0.150651
232770.000000 4898428.000000 1.000000 3.000000 1.000000 1.000000 118.070961 0.037339
231491.000000 593863.000000 1.000000 3.000000 1.000000 1.000000 75.979627 0.081647
229490.000000 8359248.000000 1.000000 3.000000 1.000000 1.000000 21.034369 0.428723
231298.000000 126224.000000 1.000000 3.000000 1.000000 1.000000 35.529253 0.034001
232088.000000 30464884.000000 1.000000 3.000000 1.000000 1.000000 44.535180 0.116144
231453.000000 10885371.000000 1.000000 3.000000 1.000000 1.000000 43.709518 0.017532
229388.000000 2043964.000000 1.000000 3.000000 2.000000 1.000000 49.148876 0.151681
218653.000000 2438129.000000 1.000000 3.000000 2.000000 1.000000 28.015333 0.294742
221500.000000 686285.000000 1.000000 3.000000 1.000000 1.000000 20.749728 0.361839
221723.000000 3378774.000000 1.000000 3.000000 3.000000 1.000000 82.058125 0.131447
222271.000000 6160856.000000 1.000000 3.000000 1.000000 1.000000 25.708869 0.347341
219237.000000 2580377.000000 1.000000 3.000000 1.000000 1.000000 25.355232 0.792133
219476.000000 1706485.000000 1.000000 3.000000 1.000000 1.000000 46.489107 0.169360
219539.000000 242978.000000 1.000000 3.000000 2.000000 1.000000 47.807999 0.219030
221464.000000 9366247.000000 1.000000 3.000000 1.000000 1.000000 142.269518 0.116428
221464.000000 10115427.000000 1.000000 3.000000 1.000000 1.000000 72.915893 0.299562
221751.000000 12339340.000000 1.000000 3.000000 1.000000 1.000000 38.143118 0.228067
219943.000000 2829507.000000 1.000000 3.000000 1.000000 1.000000 28.472665 0.995019
220067.000000 683007.000000 1.000000 3.000000 1.000000 1.000000 67.268055 0.705499
220248.000000 9590386.000000 1.000000 3.000000 2.000000 1.000000 40.450128 0.115124
220578.000000 1091242.000000 1.000000 3.000000 1.000000 1.000000 143.353756 0.135670
220727.000000 4787060.000000 1.000000 3.000000 2.000000 1.000000 124.150637 0.270909
221168.000000 1324899.000000 1.000000 3.000000 1.000000 1.000000 71.365104 0.222688
219139.000000 63274.000000 1.000000 3.000000 1.000000 1.000000 79.523357 0.018409
219385.000000 23461124.000000 1.000000 3.000000 1.000000 1.000000 45.248625 0.290737
219606.000000 1132778.000000 1.000000 3.000000 1.000000 1.000000 67.366213 0.016453
219607.000000 255675.000000 1.000000 3.000000 1.000000 1.000000 59.779257 0.476608
221657.000000 11573706.000000 1.000000 3.000000 1.000000 1.000000 25.195571 0.428250
224445.000000 17024600.000000 1.000000 3.000000 1.000000 1.000000 21.332602 0.012237
222957.000000 408968.000000 1.000000 3.000000 1.000000 1.000000 34.263463 0.016453
222532.000000 6267688.000000 1.000000 3.000000 1.000000 1.000000 115.232418 0.087277
222549.000000 1174989.000000 1.000000 3.000000 3.000000 1.000000 47.835798 0.252386
222552.000000 2296443.000000 1.000000 3.000000 1.000000 1.000000 29.565021 0.665928
223158.000000 18724228.000000 1.000000 3.000000 2.000000 1.000000 28.470433 0.178865
222576.000000 25672120.000000 1.000000 3.000000 1.000000 1.000000 57.465349 0.329964
228575.000000 780423.000000 1.000000 3.000000 1.000000 1.000000 32.581875 0.155427
227710.000000 3831639.000000 1.000000 3.000000 1.000000 1.000000 28.811746 0.573297
227884.000000 1098647.000000 1.000000 3.000000 1.000000 1.000000 48.294391 0.166373
224367.000000 5095498.000000 1.000000 3.000000 2.000000 1.000000 57.018674 0.368252
226297.000000 21281236.000000 1.000000 3.000000 1.000000 1.000000 23.935747 0.246694
222576.000000 19315860.000000 1.000000 3.000000 1.000000 1.000000 67.885574 0.027369
222841.000000 1015827.000000 1.000000 3.000000 1.000000 1.000000 47.195767 0.020616
223498.000000 10920997.000000 1.000000 3.000000 1.000000 1.000000 23.302028 0.292272
226246.000000 1137424.000000 1.000000 3.000000 1.000000 1.000000 49.909970 0.095832
228406.000000 139036.000000 1.000000 3.000000 2.000000 1.000000 69.559804 0.969412
222946.000000 2061529.000000 1.000000 3.000000 1.000000 1.000000 98.825812 0.102434
223498.000000 1854047.000000 1.000000 3.000000 2.000000 1.000000 69.332003 0.439769
226254.000000 7925827.000000 1.000000 3.000000 1.000000 1.000000 38.176193 0.266737
227554.000000 14150957.000000 1.000000 3.000000 1.000000 1.000000 148.431411 0.012701
223536.000000 11549333.000000 1.000000 3.000000 1.000000 1.000000 39.943506 0.148566
227782.000000 4520272.000000 1.000000 3.000000 1.000000 1.000000 29.928443 0.017240
237795.000000 32736504.000000 1.000000 3.000000 1.000000 1.000000 80.629867 0.057244
237705.000000 28253606.000000 1.000000 3.000000 1.000000 1.000000 24.049346 0.413930
237705.000000 25774420.000000 1.000000 3.000000 2.000000 1.000000 92.059245 0.180106
233175.000000 150607.000000 1.000000 3.000000 2.000000 1.000000 61.117294 0.214105
236168.000000 16504337.000000 1.000000 3.000000 1.000000 1.000000 34.358953 0.454270
236255.000000 13887649.000000 1.000000 3.000000 1.000000 1.000000 52.272352 0.666284
236256.000000 1346809.000000 1.000000 3.000000 1.000000 1.000000 83.847200 0.067538
236389.000000 8509012.000000 1.000000 3.000000 2.000000 1.000000 27.058345 0.346567
236503.000000 7655602.000000 1.000000 3.000000 1.000000 1.000000 61.654154 0.040471
236503.000000 2761565.000000 1.000000 3.000000 1.000000 1.000000 49.222121 0.202616
236653.000000 24769578.000000 1.000000 3.000000 1.000000 1.000000 21.643202 0.495336
236580.000000 2708949.000000 1.000000 3.000000 1.000000 1.000000 23.147515 0.146615
236753.000000 1983465.000000 1.000000 3.000000 1.000000 1.000000 30.331707 0.189250
236764.000000 8200753.000000 1.000000 3.000000 1.000000 1.000000 27.293921 0.038891
237003.000000 5309291.000000 1.000000 3.000000 1.000000 1.000000 29.107150 0.509975
237226.000000 8540471.000000 1.000000 3.000000 1.000000 1.000000 58.892376 0.100012
237227.000000 9246812.000000 1.000000 3.000000 2.000000 1.000000 24.951997 0.485769
237478.000000 7546881.000000 1.000000 3.000000 1.000000 1.000000 60.127030 0.085476
233650.000000 20498600.000000 1.000000 3.000000 1.000000 1.000000 37.715866 0.058012
233650.000000 1979661.000000 1.000000 3.000000 2.000000 1.000000 95.616177 0.199879
233929.000000 21030456.000000 1.000000 3.000000 1.000000 1.000000 21.582227 0.581122
233929.000000 21216632.000000 1.000000 3.000000 1.000000 1.000000 54.986506 0.958553
234398.000000 8423244.000000 1.000000 3.000000 1.000000 1.000000 55.060870 0.330344
234571.000000 2514814.000000 1.000000 3.000000 1.000000 1.000000 36.513770 0.303368
235663.000000 26783716.000000 1.000000 3.000000 1.000000 1.000000 109.218616 0.096246
235663.000000 7885042.000000 1.000000 3.000000 1.000000 1.000000 29.767342 0.184702
235932.000000 5231405.000000 1.000000 3.000000 1.000000 1.000000 57.504945 0.913941
233830.000000 11923913.000000 1.000000 3.000000 1.000000 1.000000 35.183534 0.085083
234572.000000 1671026.000000 1.000000 3.000000 1.000000 1.000000 67.703462 0.044468
234753.000000 3934721.000000 1.000000 3.000000 1.000000 1.000000 50.627986 0.617727
235093.000000 18257328.000000 1.000000 3.000000 1.000000 1.000000 41.361762 0.588617
235158.000000 13823516.000000 1.000000 3.000000 1.000000 1.000000 86.797925 0.383265
235648.000000 25389968.000000 1.000000 3.000000 1.000000 1.000000 60.547027 0.198067
235780.000000 26438264.000000 1.000000 3.000000 2.000000 1.000000 63.596659 0.223742
235924.000000 24749364.000000 1.000000 3.000000 1.000000 1.000000 36.488239 0.174510
238241.000000 21158200.000000 1.000000 3.000000 1.000000 1.000000 29.407105 0.969209
238817.000000 15579855.000000 1.000000 3.000000 1.000000 1.000000 44.103163 0.091102
239853.000000 6663393.000000 1.000000 3.000000 1.000000 1.000000 60.674164 0.017388
240066.000000 969565.000000 1.000000 3.000000 1.000000 1.000000 24.058106 0.171830
240074.000000 1732545.000000 1.000000 3.000000 1.000000 1.000000 131.585559 0.123728
237981.000000 184562.000000 1.000000 3.000000 1.000000 1.000000 26.928637 0.232717
238493.000000 10096084.000000 1.000000 3.000000 1.000000 1.000000 38.910212 0.019805
239230.000000 19226984.000000 1.000000 3.000000 1.000000 1.000000 36.632550 0.019005
239641.000000 1433789.000000 1.000000 3.000000 1.000000 1.000000 57.337536 0.116901
239641.000000 5538073.000000 1.000000 3.000000 2.000000 1.000000 20.288495 0.105797
239671.000000 450603.000000 1.000000 3.000000 1.000000 1.000000 27.173927 0.424873
240250.000000 1007344.000000 1.000000 3.000000 1.000000 1.000000 38.048995 0.231359
240250.000000 1150600.000000 1.000000 3.000000 1.000000 1.000000 23.174062 0.012665
240296.000000 2797124.000000 1.000000 3.000000 1.000000 1.000000 35.546060 0.070367
240836.000000 13898002.000000 1.000000 3.000000 1.000000 1.000000 86.534734 0.170439
240871.000000 12300187.000000 1.000000 3.000000 2.000000 1.000000 68.749027 0.045992
240893.000000 7755996.000000 1.000000 3.000000 2.000000 1.000000 74.749235 0.109086
241060.000000 1446946.000000 1.000000 3.000000 2.000000 1.000000 45.576329 0.391852
241181.000000 19286436.000000 1.000000 3.000000 1.000000 1.000000 52.718149 0.072526
241181.000000 11916206.000000 1.000000 3.000000 1.000000 1.000000 85.701999 0.710586
242764.000000 458293.000000 1.000000 3.000000 1.000000 1.000000 31.433663 0.121732
242865.000000 6174828.000000 1.000000 3.000000 2.000000 1.000000 45.451700 0.394354
244720.000000 5187317.000000 1.000000 3.000000 1.000000 1.000000 80.783478 0.024641
245984.000000 10069500.000000 1.000000 3.000000 1.000000 1.000000 29.775652 0.240073
242865.000000 7260236.000000 1.000000 3.000000 1.000000 1.000000 31.576110 0.462473
242764.000000 6465775.000000 1.000000 3.000000 1.000000 1.000000 30.558695 0.641673
243426.000000 734729.000000 1.000000 3.000000 1.000000 1.000000 44.863211 0.305971
243842.000000 1244358.000000 1.000000 3.000000 1.000000 1.000000 26.442131 0.507395
245518.000000 10410369.000000 1.000000 3.000000 1.000000 1.000000 62.561461 0.166781
242725.000000 5622939.000000 1.000000 3.000000 1.000000 1.000000 32.336156 0.124528
242734.000000 6750749.000000 1.000000 3.000000 1.000000 1.000000 29.233942 0.626975
243149.000000 20387210.000000 1.000000 3.000000 2.000000 1.000000 58.442592 0.274349
243070.000000 9866427.000000 1.000000 3.000000 1.000000 1.000000 40.486816 0.237609
243224.000000 14796800.000000 1.000000 3.000000 1.000000 1.000000 48.888784 0.276396
243252.000000 12136768.000000 1.000000 3.000000 1.000000 1.000000 20.519157 0.079467
245986.000000 1958668.000000 1.000000 3.000000 1.000000 1.000000 49.942119 0.034393
242583.000000 3443505.000000 1.000000 3.000000 1.000000 1.000000 27.994290 0.129270
244335.000000 14559375.000000 1.000000 3.000000 1.000000 1.000000 35.750318 0.268566
243252.000000 8309464.000000 1.000000 3.000000 2.000000 1.000000 27.035373 0.065517
244649.000000 27249896.000000 1.000000 3.000000 2.000000 1.000000 56.254606 0.171092
244792.000000 6706723.000000 1.000000 3.000000 1.000000 1.000000 32.934041 0.663335
245210.000000 856285.000000 1.000000 3.000000 1.000000 1.000000 41.999918 0.177732
245210.000000 862690.000000 1.000000 3.000000 1.000000 1.000000 64.684663 0.651209
243224.000000 2559520.000000 1.000000 3.000000 1.000000 1.000000 34.141975 0.237605
245280.000000 12255026.000000 1.000000 3.000000 2.000000 1.000000 43.337401 0.379459
243787.000000 10198662.000000 1.000000 3.000000 1.000000 1.000000 20.785608 0.062283
244451.000000 9981474.000000 1.000000 3.000000 1.000000 1.000000 29.797063 0.093598
242167.000000 1739516.000000 1.000000 3.000000 1.000000 1.000000 35.760178 0.048066
243224.000000 16523678.000000 1.000000 3.000000 1.000000 1.000000 85.631813 0.285311
242381.000000 3362464.000000 1.000000 3.000000 2.000000 1.000000 41.984074 0.125771
244340.000000 3782311.000000 1.000000 3.000000 1.000000 1.000000 31.320601 0.202676
244676.000000 11195596.000000 1.000000 3.000000 1.000000 1.000000 60.624589 0.035364
242640.000000 764281.000000 1.000000 3.000000 1.000000 1.000000 27.072894 0.258546
242728.000000 2533553.000000 1.000000 3.000000 2.000000 1.000000 33.479065 0.210932
244983.000000 4155300.000000 1.000000 3.000000 1.000000 1.000000 71.618546 0.052263
245713.000000 427986.000000 1.000000 3.000000 1.000000 1.000000 31.679968 0.287118
246110.000000 124257.000000 1.000000 3.000000 2.000000 1.000000 32.681756 0.222147
