237346.000000 2695773.000000 14.000000 3.000000 1.000000 1.000000 114.594031 0.033725
237478.000000 1018128.000000 14.000000 3.000000 2.000000 1.000000 26.095779 0.270983
234269.000000 4652821.000000 14.000000 3.000000 1.000000 1.000000 38.868491 0.561201
236040.000000 1642171.000000 14.000000 3.000000 1.000000 1.000000 22.750683 0.011805
235648.000000 22412576.000000 14.000000 3.000000 1.000000 1.000000 59.214666 0.975356
236023.000000 784923.000000 14.000000 3.000000 1.000000 1.000000 26.440322 0.373320
239906.000000 16704411.000000 14.000000 3.000000 1.000000 1.000000 34.189126 0.436329
240115.000000 2675391.000000 14.000000 3.000000 1.000000 1.000000 66.485162 0.112203
243663.000000 25727450.000000 14.000000 3.000000 1.000000 1.000000 87.690178 0.169532
243070.000000 3048034.000000 14.000000 3.000000 1.000000 1.000000 61.085380 0.479797
244297.000000 4911248.000000 14.000000 3.000000 1.000000 1.000000 90.156607 0.048285
244545.000000 4691380.000000 14.000000 3.000000 1.000000 1.000000 55.764564 0.180219
244655.000000 1914708.000000 14.000000 3.000000 1.000000 1.000000 35.559542 0.106766
245448.000000 5271484.000000 14.000000 3.000000 1.000000 1.000000 37.462432 0.009117
243712.000000 13003227.000000 14.000000 3.000000 2.000000 1.000000 31.284545 0.316780
244460.000000 27637940.000000 14.000000 3.000000 2.000000 1.000000 84.313775 0.021345
243041.000000 220182.000000 14.000000 3.000000 2.000000 1.000000 42.854882 0.616108
243350.000000 7684579.000000 14.000000 3.000000 1.000000 1.000000 32.020246 0.393300
244696.000000 1817749.000000 14.000000 3.000000 2.000000 1.000000 37.805182 0.161937
231179.000000 13062201.000000 14.000000 3.000000 1.000000 1.000000 32.357169 0.011592
231126.000000 2730840.000000 14.000000 3.000000 1.000000 1.000000 87.187576 0.650522
232444.000000 7639681.000000 14.000000 3.000000 1.000000 1.000000 37.481347 0.192594
231201.000000 709134.000000 14.000000 3.000000 1.000000 1.000000 76.938184 0.036202
232500.000000 4342516.000000 14.000000 3.000000 1.000000 1.000000 29.714075 0.686530
232445.000000 3467655.000000 14.000000 3.000000 1.000000 1.000000 35.655073 0.405650
228399.000000 686205.000000 14.000000 3.000000 1.000000 1.000000 78.183641 0.512503
227554.000000 1729942.000000 14.000000 3.000000 1.000000 1.000000 37.692169 0.987327
222835.000000 11322801.000000 14.000000 3.000000 1.000000 1.000000 27.268433 0.561374
223498.000000 4881385.000000 14.000000 3.000000 1.000000 1.000000 24.869415 0.058891
185037.000000 4098975.000000 14.000000 3.000000 1.000000 1.000000 29.434322 0.413895
238817.000000 3501228.000000 14.000000 3.000000 2.000000 1.000000 119.966531 0.015034
219945.000000 2106831.000000 14.000000 3.000000 1.000000 1.000000 39.834867 0.098097
220589.000000 253277.000000 14.000000 3.000000 1.000000 1.000000 30.276947 0.386663
220589.000000 14612746.000000 14.000000 3.000000 1.000000 1.000000 28.473953 0.339932
222271.000000 13085180.000000 14.000000 3.000000 1.000000 1.000000 24.545419 0.297373
219268.000000 5624160.000000 14.000000 3.000000 1.000000 1.000000 31.090016 0.231338
219476.000000 861092.000000 14.000000 3.000000 1.000000 1.000000 23.139891 0.109484
219477.000000 4905560.000000 14.000000 3.000000 2.000000 1.000000 77.656648 0.437260
161171.000000 1163361.000000 14.000000 3.000000 1.000000 1.000000 56.763956 0.092769
161678.000000 3946514.000000 14.000000 3.000000 1.000000 1.000000 30.841742 0.091805
162631.000000 7109631.000000 14.000000 3.000000 1.000000 1.000000 74.570642 0.054376
166325.000000 1249548.000000 14.000000 3.000000 1.000000 1.000000 22.441109 0.128673
166567.000000 490760.000000 14.000000 3.000000 2.000000 1.000000 72.805771 0.124635
166927.000000 5822870.000000 14.000000 3.000000 1.000000 1.000000 34.968696 0.041071
183617.000000 4116552.000000 14.000000 3.000000 1.000000 1.000000 45.147319 0.146659
183965.000000 4462113.000000 14.000000 3.000000 1.000000 1.000000 40.157181 0.023182
184765.000000 405764.000000 14.000000 3.000000 1.000000 1.000000 28.450977 0.005655
185201.000000 3744342.000000 14.000000 3.000000 1.000000 1.000000 29.560519 0.921048
185377.000000 1984427.000000 14.000000 3.000000 1.000000 1.000000 45.640063 0.684036
185723.000000 126581.000000 14.000000 3.000000 1.000000 1.000000 31.770897 0.114587
185848.000000 10192934.000000 14.000000 3.000000 1.000000 1.000000 29.709970 0.380077
191430.000000 1033986.000000 14.000000 3.000000 1.000000 1.000000 71.433828 0.322050
193013.000000 6746645.000000 14.000000 3.000000 1.000000 1.000000 116.487167 0.059091
193247.000000 2304350.000000 14.000000 3.000000 1.000000 1.000000 36.079226 0.430399
196352.000000 5542982.000000 14.000000 3.000000 1.000000 1.000000 107.763375 0.115961
196737.000000 394803.000000 14.000000 3.000000 1.000000 1.000000 74.171396 0.272617
197194.000000 9530154.000000 14.000000 3.000000 1.000000 1.000000 23.554799 0.128005
198117.000000 6175190.000000 14.000000 3.000000 1.000000 1.000000 48.090042 0.119602
198739.000000 8910882.000000 14.000000 3.000000 1.000000 1.000000 33.271388 0.467608
198739.000000 18912672.000000 14.000000 3.000000 1.000000 1.000000 27.599855 0.056574
198882.000000 18253804.000000 14.000000 3.000000 1.000000 1.000000 32.992268 0.333470
200533.000000 86243.000000 14.000000 3.000000 1.000000 1.000000 31.089042 0.005587
203190.000000 4519127.000000 14.000000 3.000000 2.000000 1.000000 103.166649 0.139414
205311.000000 381660.000000 14.000000 3.000000 2.000000 1.000000 20.539235 0.302114
205324.000000 1183836.000000 14.000000 3.000000 1.000000 1.000000 34.584949 0.257102
209191.000000 1324468.000000 14.000000 3.000000 1.000000 1.000000 25.750591 0.108907
209191.000000 2560941.000000 14.000000 3.000000 2.000000 1.000000 26.038204 0.163844
209265.000000 6541656.000000 14.000000 3.000000 1.000000 1.000000 39.859103 0.645874
210008.000000 13817171.000000 14.000000 3.000000 1.000000 1.000000 29.131458 0.601846
