236255.000000 22788664.000000 11.000000 3.000000 2.000000 1.000000 34.423870 0.072761
236132.000000 2569613.000000 11.000000 3.000000 1.000000 1.000000 57.663942 0.020498
236168.000000 19723818.000000 11.000000 3.000000 1.000000 1.000000 64.882554 0.103855
236255.000000 13987253.000000 11.000000 3.000000 1.000000 1.000000 29.031441 0.150541
236389.000000 5841093.000000 11.000000 3.000000 1.000000 1.000000 51.092403 0.641083
233929.000000 10086754.000000 11.000000 3.000000 1.000000 1.000000 45.769314 0.459312
234972.000000 8802900.000000 11.000000 3.000000 1.000000 1.000000 53.825195 0.807212
233650.000000 18770334.000000 11.000000 3.000000 2.000000 1.000000 51.193366 0.050804
235594.000000 6669886.000000 11.000000 3.000000 1.000000 1.000000 90.566705 0.223871
233764.000000 11301559.000000 11.000000 3.000000 1.000000 1.000000 24.306149 0.157923
235163.000000 101715.000000 11.000000 3.000000 1.000000 1.000000 29.714903 0.051022
235158.000000 5906214.000000 11.000000 3.000000 1.000000 1.000000 51.607211 0.901716
235648.000000 36157152.000000 11.000000 3.000000 1.000000 1.000000 27.433017 0.193576
235924.000000 21921968.000000 11.000000 3.000000 1.000000 1.000000 24.959112 0.395122
236023.000000 5778488.000000 11.000000 3.000000 1.000000 1.000000 34.981436 0.006072
239076.000000 3415057.000000 11.000000 3.000000 1.000000 1.000000 64.767411 0.294754
240115.000000 3750933.000000 11.000000 3.000000 2.000000 1.000000 87.689849 0.073669
239504.000000 19691544.000000 11.000000 3.000000 1.000000 1.000000 41.842968 0.037853
240790.000000 358740.000000 11.000000 3.000000 1.000000 1.000000 31.174340 0.097487
240836.000000 14001252.000000 11.000000 3.000000 1.000000 1.000000 59.965700 0.521085
241038.000000 355286.000000 11.000000 3.000000 2.000000 1.000000 38.854885 0.158806
241614.000000 4758473.000000 11.000000 3.000000 2.000000 1.000000 54.809958 0.218273
243402.000000 4271153.000000 11.000000 3.000000 1.000000 1.000000 32.302022 0.157066
245280.000000 3396817.000000 11.000000 3.000000 1.000000 1.000000 22.945466 0.132639
245021.000000 568963.000000 11.000000 3.000000 1.000000 1.000000 20.347622 0.371288
245448.000000 3767387.000000 11.000000 3.000000 1.000000 1.000000 29.125742 0.157996
242694.000000 594317.000000 11.000000 3.000000 1.000000 1.000000 41.048224 0.138768
243715.000000 13649322.000000 11.000000 3.000000 1.000000 1.000000 75.922910 0.394675
244485.000000 17638710.000000 11.000000 3.000000 1.000000 1.000000 53.997899 0.467776
245292.000000 3487736.000000 11.000000 3.000000 1.000000 1.000000 43.959373 0.022424
243712.000000 14897192.000000 11.000000 3.000000 1.000000 1.000000 50.449845 0.933313
245865.000000 8185987.000000 11.000000 3.000000 2.000000 1.000000 61.509441 0.082252
245280.000000 13700912.000000 11.000000 3.000000 2.000000 1.000000 37.730440 0.212949
243033.000000 5174236.000000 11.000000 3.000000 1.000000 1.000000 35.599563 0.105499
244190.000000 395939.000000 11.000000 3.000000 2.000000 1.000000 57.009532 0.479037
244417.000000 12591580.000000 11.000000 3.000000 1.000000 1.000000 104.703370 0.090606
244417.000000 12781449.000000 11.000000 3.000000 1.000000 1.000000 68.841705 0.151719
246187.000000 13890208.000000 11.000000 3.000000 1.000000 1.000000 49.801623 0.045190
246074.000000 415989.000000 11.000000 3.000000 1.000000 1.000000 81.239059 0.871821
229388.000000 14307857.000000 11.000000 3.000000 2.000000 1.000000 70.344436 0.181538
232088.000000 6071848.000000 11.000000 3.000000 2.000000 1.000000 46.257439 0.188479
231334.000000 16015.000000 11.000000 3.000000 1.000000 1.000000 41.988058 0.327996
230005.000000 2464234.000000 11.000000 3.000000 2.000000 1.000000 110.984816 0.010015
229936.000000 3028880.000000 11.000000 3.000000 1.000000 1.000000 39.477092 0.106422
230778.000000 11705892.000000 11.000000 3.000000 1.000000 1.000000 58.267212 0.021586
231453.000000 838301.000000 11.000000 3.000000 1.000000 1.000000 46.781723 0.540994
231907.000000 1758625.000000 11.000000 3.000000 1.000000 1.000000 69.412175 0.908231
231334.000000 8984495.000000 11.000000 3.000000 1.000000 1.000000 24.913411 0.137064
228683.000000 13097543.000000 11.000000 3.000000 1.000000 1.000000 31.763202 0.459438
233070.000000 8823189.000000 11.000000 3.000000 2.000000 1.000000 63.175296 0.040661
229313.000000 2971181.000000 11.000000 3.000000 1.000000 1.000000 68.492585 0.144229
230010.000000 6070520.000000 11.000000 3.000000 1.000000 1.000000 36.971592 0.122639
230921.000000 21949824.000000 11.000000 3.000000 1.000000 1.000000 115.788748 0.007146
231156.000000 6141606.000000 11.000000 3.000000 1.000000 1.000000 28.493082 0.132342
232088.000000 14644916.000000 11.000000 3.000000 1.000000 1.000000 32.609726 0.085758
232841.000000 9419237.000000 11.000000 3.000000 1.000000 1.000000 162.179674 0.144864
233050.000000 13994503.000000 11.000000 3.000000 1.000000 1.000000 20.092618 0.440869
224521.000000 34136700.000000 11.000000 3.000000 1.000000 1.000000 70.578944 0.245556
227884.000000 592822.000000 11.000000 3.000000 1.000000 1.000000 20.910928 0.130191
228406.000000 1080874.000000 11.000000 3.000000 1.000000 1.000000 65.148680 0.151651
228536.000000 6559117.000000 11.000000 3.000000 1.000000 1.000000 50.582003 0.466357
223118.000000 4030470.000000 11.000000 3.000000 1.000000 1.000000 20.999192 0.319859
223236.000000 5765514.000000 11.000000 3.000000 1.000000 1.000000 25.320770 0.545401
223432.000000 10498092.000000 11.000000 3.000000 1.000000 1.000000 46.241672 0.244240
223158.000000 15470500.000000 11.000000 3.000000 1.000000 1.000000 57.504189 0.060803
223536.000000 6147897.000000 11.000000 3.000000 1.000000 1.000000 60.465788 0.065309
222530.000000 4706480.000000 11.000000 3.000000 2.000000 1.000000 42.292767 0.470874
222532.000000 3140079.000000 11.000000 3.000000 2.000000 1.000000 31.520873 0.089473
222722.000000 337428.000000 11.000000 3.000000 1.000000 1.000000 28.325674 0.392740
222549.000000 3705677.000000 11.000000 3.000000 1.000000 1.000000 32.995782 0.246457
222549.000000 2458959.000000 11.000000 3.000000 1.000000 1.000000 20.726694 0.794987
222552.000000 23644964.000000 11.000000 3.000000 1.000000 1.000000 49.570914 0.137210
164274.000000 2932602.000000 11.000000 3.000000 1.000000 1.000000 85.695257 0.189324
191640.000000 3104603.000000 11.000000 3.000000 1.000000 1.000000 41.599147 0.101577
220221.000000 6508087.000000 11.000000 3.000000 1.000000 1.000000 21.666881 0.308214
220182.000000 343046.000000 11.000000 3.000000 1.000000 1.000000 43.198521 0.872955
221174.000000 966752.000000 11.000000 3.000000 1.000000 1.000000 23.845322 0.150445
219357.000000 406380.000000 11.000000 3.000000 1.000000 1.000000 41.310550 0.003968
219357.000000 598811.000000 11.000000 3.000000 1.000000 1.000000 25.214406 0.776725
219385.000000 10086304.000000 11.000000 3.000000 1.000000 1.000000 68.424115 0.337234
221804.000000 8201945.000000 11.000000 3.000000 2.000000 1.000000 37.148078 0.077318
219222.000000 2552108.000000 11.000000 3.000000 1.000000 1.000000 102.061173 0.005435
219526.000000 4910713.000000 11.000000 3.000000 1.000000 1.000000 76.549524 0.044900
221464.000000 29717792.000000 11.000000 3.000000 1.000000 1.000000 90.806993 0.157883
149387.000000 2182625.000000 11.000000 3.000000 1.000000 1.000000 40.681250 0.331005
154021.000000 1352107.000000 11.000000 3.000000 2.000000 1.000000 46.309352 0.164911
155714.000000 1690237.000000 11.000000 3.000000 2.000000 1.000000 28.215238 0.201874
165062.000000 656986.000000 11.000000 3.000000 1.000000 1.000000 116.050921 0.040560
165121.000000 7186180.000000 11.000000 3.000000 1.000000 1.000000 33.771397 0.006453
165313.000000 1770456.000000 11.000000 3.000000 1.000000 1.000000 119.694027 0.005578
166771.000000 846042.000000 11.000000 3.000000 1.000000 1.000000 37.208119 0.111000
166779.000000 3800533.000000 11.000000 3.000000 1.000000 1.000000 42.240793 0.188729
178390.000000 3929243.000000 11.000000 3.000000 1.000000 1.000000 54.721969 0.045527
178852.000000 2167379.000000 11.000000 3.000000 1.000000 1.000000 98.827040 0.009660
178881.000000 10612822.000000 11.000000 3.000000 1.000000 1.000000 46.859361 0.187543
182874.000000 78353.000000 11.000000 3.000000 1.000000 1.000000 46.659844 0.155770
183557.000000 1288983.000000 11.000000 3.000000 2.000000 1.000000 28.258812 0.316513
184015.000000 737953.000000 11.000000 3.000000 1.000000 1.000000 40.517253 0.142136
184377.000000 11678359.000000 11.000000 3.000000 1.000000 1.000000 23.802218 0.379845
184762.000000 2561196.000000 11.000000 3.000000 2.000000 1.000000 75.585704 0.301014
184802.000000 3421801.000000 11.000000 3.000000 2.000000 1.000000 50.030818 0.706042
185331.000000 893077.000000 11.000000 3.000000 1.000000 1.000000 43.664999 0.604930
186145.000000 6729198.000000 11.000000 3.000000 1.000000 1.000000 52.339477 0.051575
186598.000000 4040446.000000 11.000000 3.000000 1.000000 1.000000 36.764507 0.163638
191430.000000 2030865.000000 11.000000 3.000000 1.000000 1.000000 33.331981 0.092354
192424.000000 2935325.000000 11.000000 3.000000 1.000000 1.000000 80.585167 0.226981
193105.000000 1809718.000000 11.000000 3.000000 1.000000 1.000000 29.681069 0.119376
194147.000000 5524014.000000 11.000000 3.000000 1.000000 1.000000 118.719867 0.001108
194323.000000 9534393.000000 11.000000 3.000000 1.000000 1.000000 76.776018 0.083243
194536.000000 949517.000000 11.000000 3.000000 1.000000 1.000000 21.447830 0.266520
195343.000000 9039070.000000 11.000000 3.000000 1.000000 1.000000 27.532185 0.398420
196989.000000 8893265.000000 11.000000 3.000000 1.000000 1.000000 58.625175 0.217513
197289.000000 2880104.000000 11.000000 3.000000 1.000000 1.000000 33.486889 0.364419
197640.000000 636832.000000 11.000000 3.000000 1.000000 1.000000 37.651467 0.159554
198882.000000 17051092.000000 11.000000 3.000000 1.000000 1.000000 79.089839 0.369811
199025.000000 8077733.000000 11.000000 3.000000 1.000000 1.000000 72.404773 0.042945
199187.000000 1826640.000000 11.000000 3.000000 1.000000 1.000000 109.949937 0.055208
199559.000000 529292.000000 11.000000 3.000000 2.000000 1.000000 75.929060 0.145616
200641.000000 4222672.000000 11.000000 3.000000 2.000000 1.000000 33.451870 0.910012
200641.000000 6049403.000000 11.000000 3.000000 1.000000 1.000000 60.958965 0.158178
200659.000000 1485077.000000 11.000000 3.000000 1.000000 1.000000 28.480261 0.045265
202136.000000 1326506.000000 11.000000 3.000000 1.000000 1.000000 69.943953 0.503361
202771.000000 2384068.000000 11.000000 3.000000 1.000000 1.000000 67.654550 0.053027
202771.000000 4108849.000000 11.000000 3.000000 1.000000 1.000000 42.858259 0.048468
204257.000000 5139046.000000 11.000000 3.000000 1.000000 1.000000 75.758080 0.002966
204339.000000 1212581.000000 11.000000 3.000000 1.000000 1.000000 33.756190 0.064291
204593.000000 183014.000000 11.000000 3.000000 1.000000 1.000000 77.790900 0.440414
204748.000000 2121559.000000 11.000000 3.000000 1.000000 1.000000 63.316690 0.579979
205153.000000 364366.000000 11.000000 3.000000 1.000000 1.000000 38.488249 0.310535
205995.000000 12037347.000000 11.000000 3.000000 1.000000 1.000000 61.081032 0.028692
206285.000000 1939200.000000 11.000000 3.000000 1.000000 1.000000 45.656387 0.121448
206285.000000 12578490.000000 11.000000 3.000000 1.000000 1.000000 34.859293 0.135187
206828.000000 3127590.000000 11.000000 3.000000 1.000000 1.000000 108.811216 0.002726
207080.000000 10287826.000000 11.000000 3.000000 1.000000 1.000000 79.631072 0.155895
207153.000000 3817764.000000 11.000000 3.000000 1.000000 1.000000 104.760419 0.018261
207405.000000 392972.000000 11.000000 3.000000 1.000000 1.000000 50.242100 0.476672
209149.000000 5303520.000000 11.000000 3.000000 1.000000 1.000000 25.838695 0.186221
209773.000000 2579747.000000 11.000000 3.000000 1.000000 1.000000 32.164248 0.053599
209819.000000 307745.000000 11.000000 3.000000 1.000000 1.000000 33.437227 0.847127
209920.000000 1634100.000000 11.000000 3.000000 2.000000 1.000000 35.353161 0.143086
