235093.000000 4510900.000000 2.000000 3.000000 1.000000 1.000000 50.128303 0.956053
236254.000000 3105850.000000 2.000000 3.000000 1.000000 1.000000 62.044854 0.084491
235056.000000 7803200.000000 2.000000 3.000000 1.000000 1.000000 54.810861 0.043812
235091.000000 3075100.000000 2.000000 3.000000 1.000000 1.000000 25.350439 0.516189
233610.000000 4982030.000000 2.000000 3.000000 1.000000 1.000000 32.918022 0.450551
234481.000000 26777300.000000 2.000000 3.000000 1.000000 1.000000 29.282104 0.858787
234265.000000 7344140.000000 2.000000 3.000000 1.000000 1.000000 63.076646 0.486173
235924.000000 2969390.000000 2.000000 3.000000 1.000000 1.000000 48.265756 0.255954
237346.000000 39256600.000000 2.000000 3.000000 1.000000 1.000000 121.173218 0.083180
237346.000000 7607360.000000 2.000000 3.000000 1.000000 1.000000 37.265116 0.377455
240037.000000 8017100.000000 2.000000 3.000000 1.000000 1.000000 29.564320 0.166666
239900.000000 3859000.000000 2.000000 3.000000 1.000000 1.000000 105.151485 0.034056
239504.000000 19916400.000000 2.000000 3.000000 1.000000 1.000000 31.750636 0.466476
163130.000000 1461281.000000 2.000000 3.000000 2.000000 1.000000 28.166321 0.333774
178882.000000 3257994.000000 2.000000 3.000000 1.000000 1.000000 63.564372 0.001143
184291.000000 3769934.000000 2.000000 3.000000 1.000000 1.000000 25.345334 0.174524
184377.000000 9280682.000000 2.000000 3.000000 1.000000 1.000000 72.018404 0.084275
184518.000000 374956.000000 2.000000 3.000000 1.000000 1.000000 73.867159 0.054729
191636.000000 569917.000000 2.000000 3.000000 1.000000 1.000000 26.601286 0.036162
192364.000000 289279.000000 2.000000 3.000000 2.000000 1.000000 26.231756 0.085435
194320.000000 98639.000000 2.000000 3.000000 1.000000 1.000000 38.802936 0.112290
196099.000000 4497441.000000 2.000000 3.000000 1.000000 1.000000 27.301061 0.275324
197071.000000 590412.000000 2.000000 3.000000 1.000000 1.000000 45.835421 0.013951
198154.000000 3855006.000000 2.000000 3.000000 1.000000 1.000000 34.735345 0.060638
199187.000000 18554.000000 2.000000 3.000000 1.000000 1.000000 22.973674 0.066658
199216.000000 126661.000000 2.000000 3.000000 1.000000 1.000000 24.302162 0.241867
199655.000000 1507455.000000 2.000000 3.000000 1.000000 1.000000 36.234926 0.007079
200719.000000 3982357.000000 2.000000 3.000000 1.000000 1.000000 49.980028 0.426588
203347.000000 1060151.000000 2.000000 3.000000 1.000000 1.000000 30.953645 0.787358
231693.000000 253828.000000 2.000000 3.000000 1.000000 1.000000 28.525982 0.125228
229313.000000 6973454.000000 2.000000 3.000000 1.000000 1.000000 26.903165 0.042617
230005.000000 671437.000000 2.000000 3.000000 1.000000 1.000000 84.199788 0.123127
231712.000000 13639526.000000 2.000000 3.000000 1.000000 1.000000 35.505077 0.004003
232028.000000 7545777.000000 2.000000 3.000000 1.000000 1.000000 59.317397 0.003564
228738.000000 9085247.000000 2.000000 3.000000 1.000000 1.000000 37.800713 0.174797
229534.000000 5205679.000000 2.000000 3.000000 2.000000 1.000000 26.306975 0.233792
231203.000000 594518.000000 2.000000 3.000000 1.000000 1.000000 62.665541 0.485102
232185.000000 553900.000000 2.000000 3.000000 1.000000 1.000000 55.611038 0.033621
230419.000000 8765782.000000 2.000000 3.000000 1.000000 1.000000 43.891544 0.868519
231294.000000 22495996.000000 2.000000 3.000000 1.000000 1.000000 39.047967 0.399554
233077.000000 152342.000000 2.000000 3.000000 1.000000 1.000000 40.516863 0.013386
231453.000000 16220802.000000 2.000000 3.000000 1.000000 1.000000 56.643676 0.082021
230005.000000 1209371.000000 2.000000 3.000000 1.000000 1.000000 69.520937 0.214977
204402.000000 4214426.000000 2.000000 3.000000 1.000000 1.000000 28.664884 0.693287
205640.000000 3900858.000000 2.000000 3.000000 1.000000 1.000000 32.347233 0.096764
206537.000000 9814983.000000 2.000000 3.000000 1.000000 1.000000 87.403326 0.125606
207488.000000 3023965.000000 2.000000 3.000000 2.000000 1.000000 26.990086 0.180399
209172.000000 955973.000000 2.000000 3.000000 1.000000 1.000000 79.129273 0.174936
209507.000000 789589.000000 2.000000 3.000000 1.000000 1.000000 55.707647 0.251794
209762.000000 1109253.000000 2.000000 3.000000 1.000000 1.000000 68.971582 0.055997
209850.000000 12967600.000000 2.000000 3.000000 1.000000 1.000000 89.965516 0.230764
209986.000000 6374197.000000 2.000000 3.000000 2.000000 1.000000 38.385692 0.151569
211198.000000 6378383.000000 2.000000 3.000000 2.000000 1.000000 37.567750 0.354219
211337.000000 2805001.000000 2.000000 3.000000 1.000000 1.000000 63.124328 0.628843
211337.000000 3387501.000000 2.000000 3.000000 1.000000 1.000000 45.942330 0.843927
219607.000000 1217555.000000 2.000000 3.000000 1.000000 1.000000 48.989010 0.142613
221605.000000 11628697.000000 2.000000 3.000000 2.000000 1.000000 54.874094 0.065290
221804.000000 20058726.000000 2.000000 3.000000 2.000000 1.000000 31.223263 0.509806
220898.000000 4287288.000000 2.000000 3.000000 1.000000 1.000000 35.859007 0.058187
221917.000000 10938007.000000 2.000000 3.000000 1.000000 1.000000 58.751142 0.063070
220221.000000 13595567.000000 2.000000 3.000000 1.000000 1.000000 51.145796 0.053462
223158.000000 13997390.000000 2.000000 3.000000 1.000000 1.000000 36.640826 0.237972
223236.000000 9700845.000000 2.000000 3.000000 1.000000 1.000000 50.732119 0.498684
222724.000000 116782.000000 2.000000 3.000000 1.000000 1.000000 35.741934 0.026669
244983.000000 430076.000000 2.000000 3.000000 1.000000 1.000000 103.101298 0.305618
243254.000000 7763443.000000 2.000000 3.000000 1.000000 1.000000 30.594574 0.277773
242102.000000 7572.000000 2.000000 3.000000 1.000000 1.000000 51.739142 0.050737
244485.000000 19516200.000000 2.000000 3.000000 1.000000 1.000000 25.657760 0.131053
