162498 7098336 1 bhel0d 45.2925 2 2 1.20088e-06 1 0.483002
166007 837680 1 bhel0d 48.342 2 2 1.20088e-06 1 0.414592
167506 2105839 1 bhel0d 60.5764 2 2 1.20088e-06 1 -0.214029
177418 3863302 1 bhel0d 63.9392 2 2 1.20088e-06 1 0.574971
179019 656484 1 bhel0d 54.0691 2 2 1.20088e-06 1 -0.779486
184204 549104 1 bhel0d 21.3942 2 2 1.20088e-06 1 -0.220533
184205 4485303 1 bhel0d 37.2387 2 2 1.20088e-06 1 -0.801508
191724 1350081 1 bhel0h 37.1181 2 2 1.09476e-06 1 -0.493625
194382 444857 1 bhel0h 35.9262 2 2 1.09476e-06 1 -0.824412
196153 5187146 1 bhel0h 42.3757 2 2 1.09476e-06 1 -0.411999
203502 86896 1 bhel0h 50.8246 2 2 1.09476e-06 1 -0.773381
204447 5716810 1 bhel0i 34.2261 2 2 1.56141e-06 1 -0.815828
204469 4242498 1 bhel0i 38.5209 2 2 1.56141e-06 1 0.195184
205964 337705 1 bhel0i 39.5947 2 2 1.56141e-06 1 0.484531
209265 14928119 1 bhel0i 35.1181 2 2 1.56141e-06 1 -0.639599
209789 4404502 1 bhel0i 44.2329 2 2 1.56141e-06 1 -0.310923
219108 1662414 1 bhelmi 64.2677 2 2 2.42627e-06 1 -0.616811
223233 3174807 1 bhelmi2 30.4232 2 2 2.55581e-06 1 0.297841
227747 11643270 1 bhelmi2 38.7564 2 2 2.55581e-06 1 0.558527
227808 8435758 1 bhelmi2 29.546 2 2 2.55581e-06 1 0.644445
223634 106512 1 bhelmi2 32.6697 2 2 2.55581e-06 1 -0.427346
223329 1179714 1 bhelmi2 87.8715 2 2 2.55581e-06 1 -0.600332
226365 23323650 1 bhelmi2 25.1368 2 2 2.55581e-06 1 0.799237
231479 1294456 1 bhelmi3 44.4741 2 2 1.67189e-06 1 0.545065
231289 2336494 1 bhelmi3 30.1829 2 2 1.67189e-06 1 -0.289976
231334 3743345 1 bhelmi3 71.4378 2 2 1.67189e-06 1 -0.741369
229040 4724523 1 bhelmi3 20.8779 2 2 1.67189e-06 1 -0.779943
229084 6689853 1 bhelmi3 125.973 2 2 1.67189e-06 1 -0.806329
233035 4576016 1 bhelmi3 74.8403 2 2 1.67189e-06 1 -0.710441
229934 537545 1 bhelmi3 26.3678 2 2 1.67189e-06 1 0.631154
233134 15143888 1 bhelmj 21.6672 2 2 1.71443e-06 1 0.0774761
236284 253138 1 bhelmj 78.6926 2 2 1.71443e-06 1 0.45692
236389 17109403 1 bhelmj 34.9725 2 2 1.71443e-06 1 -0.802277
236389 18976670 1 bhelmj 26.0929 2 2 1.71443e-06 1 0.233054
236965 5302217 1 bhelmj 31.2733 2 2 1.71443e-06 1 -0.617873
234754 365736 1 bhelmj 85.1872 2 2 1.71443e-06 1 -0.259788
237850 77880 1 bhelmj_p12 30.4307 2 2 2.51369e-06 1 0.64858
239900 3499025 1 bhelmj_p12 36.576 2 2 2.51369e-06 1 0.167897
245210 22395608 1 bhelmj_p13 40.9125 2 2 1.50474e-06 1 0.0573153
242865 17531052 1 bhelmj_p13 41.6082 2 2 1.50474e-06 1 -0.665251
152810 2127476 11 bhmu0d 51.3584 2 2 2.62946e-06 1 0.6053
166063 279746 11 bhmu0d 20.9078 2 2 2.62946e-06 1 0.122201
177793 1120493 11 bhmu0d 31.3051 2 2 2.62946e-06 1 -0.438977
179055 9144124 11 bhmu0d 77.7457 2 2 2.62946e-06 1 -0.336448
185782 591535 11 bhmu0d 37.3066 2 2 2.62946e-06 1 0.548335
194845 3548470 11 bhmu0h 45.6525 2 2 2.19258e-06 1 0.28263
195805 4451419 11 bhmu0h 33.3875 2 2 2.19258e-06 1 0.426577
197404 1371536 11 bhmu0h 41.0046 2 2 2.19258e-06 1 -0.557776
197808 5336835 11 bhmu0h 21.891 2 2 2.19258e-06 1 -0.675514
199983 2330307 11 bhmu0h 80.0998 2 2 2.19258e-06 1 -0.579382
200659 4545648 11 bhmu0h 42.0824 2 2 2.19258e-06 1 -0.105782
219612 3100575 14 bhmumi 42.8921 2 2 4.75706e-06 1 0.585483
221605 10154967 14 bhmumi 61.9882 2 2 4.75706e-06 1 -0.636483
219472 7943733 11 bhmumi 65.2612 2 2 4.75706e-06 1 -0.265439
228536 21616542 14 bhmumi2 66.0204 2 2 5.07838e-06 1 0.497806
226365 2197642 11 bhmumi2 24.8998 2 2 5.07838e-06 1 0.0650096
227710 240417 11 bhmumi2 22.8021 2 2 5.07838e-06 1 0.134407
222532 3343555 11 bhmumi2 67.6437 2 2 5.07838e-06 1 -0.755896
232282 56487 11 bhmumi3 36.4593 2 2 3.21357e-06 1 0.28349
232444 2442703 11 bhmumi3 27.7941 2 2 3.21357e-06 1 -0.739351
231156 6214689 11 bhmumi3 41.1612 2 2 3.21357e-06 1 -0.728109
233764 11770595 14 bhmumj 35.356 2 2 3.31369e-06 1 0.702256
233764 3106315 11 bhmumj 54.0444 2 2 3.31369e-06 1 0.229449
235056 3327154 11 bhmumj 35.6995 2 2 3.31369e-06 1 0.247892
239853 4194983 11 bhmumj_p12 32.543 2 2 4.93783e-06 1 0.0807757
243238 10547288 14 bhmumj_p13 24.4425 2 2 2.98776e-06 1 0.469522
242557 3021513 14 bhmumj_p13 40.6714 2 2 2.98776e-06 1 -0.270442
243253 3839508 11 bhmumj_p13 58.6278 2 2 2.98776e-06 1 0.0931744
245783 1685958 11 bhmumj_p13 30.5101 2 2 2.98776e-06 1 -0.11882
242651 3643957 14 bhmumj_p13 23.9277 2 2 2.98776e-06 1 0.0792741
151555 388328 2 bpel0d 43.6244 2 2 3.59923e-06 1 0.10434
196228 2877116 2 bpel0h 31.1395 2 2 3.50158e-06 1 -0.725699
197191 2305239 2 bpel0h 34.5806 2 2 3.50158e-06 1 0.132333
198882 6693878 2 bpel0h 60.0047 2 2 3.50158e-06 1 -0.734984
219528 17009236 2 bpelmi 28.7874 2 2 7.92858e-06 1 -0.40962
220071 4686456 2 bpelmi 26.5217 2 2 7.92858e-06 1 0.121654
223158 14941875 2 bpelmi2 55.5077 2 2 8.4868e-06 1 -0.773059
222552 19672255 2 bpelmi2 36.3768 2 2 8.4868e-06 1 -0.0741086
239504 8326791 2 bpelmj_p12 96.5414 2 2 8.52602e-06 1 -0.773286
242734 7404867 2 bpelmj_p13 49.3913 2 2 5.46574e-06 1 -0.344782
245986 40375336 2 bpelmj_p13 30.3375 2 2 5.46574e-06 1 -0.0788564
242725 7831920 2 bpelmj_p13 69.4116 2 2 5.46574e-06 1 -0.396045
