141621 249957 1 bhel0d 47.7001 2 1 1.20088e-06 1 -0.490483
148856 250809 1 bhel0d 63.5363 2 1 1.20088e-06 1 0.495553
148916 792764 1 bhel0d 33.3876 2 1 1.20088e-06 1 0.94611
149058 291943 1 bhel0d 37.4196 2 1 1.20088e-06 1 -0.888628
150444 1464062 1 bhel0d 64.8714 2 1 1.20088e-06 1 -0.0176641
151514 797293 1 bhel0d 37.0062 2 1 1.20088e-06 1 -0.778854
153389 361345 1 bhel0d 50.3577 2 1 1.20088e-06 1 0.729218
153618 774625 1 bhel0d 434.661 2 1 1.20088e-06 1 -0.986996
154654 2823756 1 bhel0d 36.1945 2 1 1.20088e-06 1 -0.570511
155148 373985 1 bhel0d 31.9211 2 1 1.20088e-06 1 -0.941296
155742 15946 1 bhel0d 107.238 2 1 1.20088e-06 1 -0.939247
156006 1299738 1 bhel0d 28.416 2 1 1.20088e-06 1 0.570872
156369 521344 1 bhel0d 41.9445 2 1 1.20088e-06 1 -0.267415
160441 2362735 1 bhel0d 44.8109 2 1 1.20088e-06 1 -0.665441
160541 496878 1 bhel0d 117.71 2 1 1.20088e-06 1 -0.875929
160823 5759219 1 bhel0d 88.6741 2 1 1.20088e-06 1 -0.964102
161011 4072972 1 bhel0d 31.4544 2 1 1.20088e-06 1 -0.133561
161555 182304 1 bhel0d 48.1219 2 1 1.20088e-06 1 -0.884637
161633 3829575 1 bhel0d 52.3615 2 1 1.20088e-06 1 -0.202695
161713 3563118 1 bhel0d 82.7858 2 1 1.20088e-06 1 0.692435
161784 956009 1 bhel0d 80.1425 2 1 1.20088e-06 1 -0.907885
162178 5623494 1 bhel0d 22.3291 2 1 1.20088e-06 1 -0.819951
162238 531745 1 bhel0d 128.178 2 1 1.20088e-06 1 -0.901863
162423 654856 1 bhel0d 41.0268 2 1 1.20088e-06 1 -0.87247
162664 2367347 1 bhel0d 41.818 2 1 1.20088e-06 1 -0.750456
162686 4732714 1 bhel0d 51.4929 2 1 1.20088e-06 1 -0.899738
162820 3384496 1 bhel0d 45.4478 2 1 1.20088e-06 1 -0.421977
162937 4689044 1 bhel0d 48.8305 2 1 1.20088e-06 1 -0.288048
163012 6403266 1 bhel0d 62.9193 2 1 1.20088e-06 1 -0.679864
164107 770982 1 bhel0d 44.3089 2 1 1.20088e-06 1 -0.94162
164386 776487 1 bhel0d 74.2301 2 1 1.20088e-06 1 -0.506699
165364 931553 1 bhel0d 42.6477 2 1 1.20088e-06 1 -0.103554
165839 1637909 1 bhel0d 22.1843 2 1 1.20088e-06 1 -0.797128
165902 1376166 1 bhel0d 33.527 2 1 1.20088e-06 1 -0.958732
165902 3452456 1 bhel0d 60.6528 2 1 1.20088e-06 1 0.029761
166008 7466150 1 bhel0d 21.4509 2 1 1.20088e-06 1 -0.587166
166038 36617 1 bhel0d 48.2799 2 1 1.20088e-06 1 -0.84803
166367 16831 1 bhel0d 35.3641 2 1 1.20088e-06 1 -0.666097
166371 281099 1 bhel0d 46.7387 2 1 1.20088e-06 1 -0.548843
168889 3773671 1 bhel0d 47.4303 2 1 1.20088e-06 1 -0.409509
166567 2040903 1 bhel0d 22.0333 2 1 1.20088e-06 1 -0.0898711
166655 1658595 1 bhel0d 27.8962 2 1 1.20088e-06 1 -0.437829
166805 3435141 1 bhel0d 34.3903 2 1 1.20088e-06 1 -0.212078
166927 80153 1 bhel0d 24.2048 2 1 1.20088e-06 1 -0.612082
166927 3732106 1 bhel0d 67.3483 2 1 1.20088e-06 1 -0.88299
167541 2407263 1 bhel0d 33.9444 2 1 1.20088e-06 1 0.0663054
167551 4235519 1 bhel0d 26.2857 2 1 1.20088e-06 1 -0.768199
167715 1818920 1 bhel0d 64.4569 2 1 1.20088e-06 1 -0.965702
167849 656195 1 bhel0d 22.81 2 1 1.20088e-06 1 -0.872357
167954 382488 1 bhel0d 21.932 2 1 1.20088e-06 1 -0.964918
167954 2313327 1 bhel0d 31.7351 2 1 1.20088e-06 1 -0.692817
168559 517819 1 bhel0d 52.1363 2 1 1.20088e-06 1 -0.562063
168563 997317 1 bhel0d 37.9491 2 1 1.20088e-06 1 0.728719
168599 6393822 1 bhel0d 35.937 2 1 1.20088e-06 1 0.342693
177384 6540068 1 bhel0d 39.3542 2 1 1.20088e-06 1 -0.897508
177418 3782524 1 bhel0d 42.7875 2 1 1.20088e-06 1 -0.590702
178258 3472799 1 bhel0d 64.5633 2 1 1.20088e-06 1 -0.254746
178539 8034583 1 bhel0d 31.333 2 1 1.20088e-06 1 -0.927931
178677 5904602 1 bhel0d 71.5335 2 1 1.20088e-06 1 -0.812602
178684 1835073 1 bhel0d 24.2834 2 1 1.20088e-06 1 -0.751059
178738 11879465 1 bhel0d 82.5812 2 1 1.20088e-06 1 -0.179834
178759 4125720 1 bhel0d 28.6904 2 1 1.20088e-06 1 -0.953465
178785 3826146 1 bhel0d 37.4528 2 1 1.20088e-06 1 -0.36742
178785 11934313 1 bhel0d 71.5643 2 1 1.20088e-06 1 -0.839922
178854 3718811 1 bhel0d 33.1051 2 1 1.20088e-06 1 -0.935579
178882 4827439 1 bhel0d 27.1808 2 1 1.20088e-06 1 0.0564343
179055 1193453 1 bhel0d 20.0445 2 1 1.20088e-06 1 -0.296606
182873 986599 1 bhel0d 30.3311 2 1 1.20088e-06 1 -0.820825
183078 614077 1 bhel0d 100.969 2 1 1.20088e-06 1 -0.898583
183097 7111418 1 bhel0d 27.4755 2 1 1.20088e-06 1 -0.710705
183553 1593777 1 bhel0d 53.5824 2 1 1.20088e-06 1 -0.762118
183617 3671422 1 bhel0d 103.092 2 1 1.20088e-06 1 -0.878676
183752 1803854 1 bhel0d 39.2017 2 1 1.20088e-06 1 -0.892461
183759 2601237 1 bhel0d 41.4666 2 1 1.20088e-06 1 -0.57128
183783 997563 1 bhel0d 30.3035 2 1 1.20088e-06 1 -0.831428
184069 208838 1 bhel0d 27.2046 2 1 1.20088e-06 1 -0.942322
184377 3261674 1 bhel0d 64.3966 2 1 1.20088e-06 1 -0.631287
184519 2534270 1 bhel0d 23.3903 2 1 1.20088e-06 1 0.343069
184519 3826582 1 bhel0d 85.0256 2 1 1.20088e-06 1 -0.423818
184519 7296648 1 bhel0d 41.5993 2 1 1.20088e-06 1 -0.810317
184778 8543954 1 bhel0d 39.1648 2 1 1.20088e-06 1 -0.128707
185009 4255055 1 bhel0d 41.9526 2 1 1.20088e-06 1 -0.819226
185009 4415279 1 bhel0d 21.1384 2 1 1.20088e-06 1 -0.27362
185037 4408080 1 bhel0d 36.798 2 1 1.20088e-06 1 -0.915548
185201 4975867 1 bhel0d 45.587 2 1 1.20088e-06 1 -0.90371
185248 8421182 1 bhel0d 40.7426 2 1 1.20088e-06 1 -0.92006
185277 1217481 1 bhel0d 57.0301 2 1 1.20088e-06 1 -0.567936
185280 24405 1 bhel0d 21.7198 2 1 1.20088e-06 1 -0.540462
185332 8005646 1 bhel0d 30.8449 2 1 1.20088e-06 1 -0.473152
185351 857690 1 bhel0d 69.8905 2 1 1.20088e-06 1 -0.877424
185377 4467433 1 bhel0d 64.5545 2 1 1.20088e-06 1 0.500541
185542 6855000 1 bhel0d 27.398 2 1 1.20088e-06 1 -0.416944
185542 10093316 1 bhel0d 53.2109 2 1 1.20088e-06 1 -0.918783
185634 12181695 1 bhel0d 66.7106 2 1 1.20088e-06 1 -0.0893303
185634 15654499 1 bhel0d 39.6223 2 1 1.20088e-06 1 -0.452828
186041 752253 1 bhel0d 30.9369 2 1 1.20088e-06 1 -0.716079
186049 2149351 1 bhel0d 29.417 2 1 1.20088e-06 1 -0.524773
186087 1132409 1 bhel0d 39.0524 2 1 1.20088e-06 1 0.624984
186145 964889 1 bhel0d 53.3524 2 1 1.20088e-06 1 -0.554168
186573 272803 1 bhel0d 42.103 2 1 1.20088e-06 1 -0.671979
186598 1676198 1 bhel0d 34.446 2 1 1.20088e-06 1 0.372076
186598 2001017 1 bhel0d 35.2949 2 1 1.20088e-06 1 0.0567692
191428 21932 1 bhel0h 34.6726 2 1 1.09476e-06 1 0.558212
191534 1805467 1 bhel0h 88.3278 2 1 1.09476e-06 1 -0.160903
191534 4165552 1 bhel0h 40.4528 2 1 1.09476e-06 1 -0.948123
192230 5219287 1 bhel0h 21.702 2 1 1.09476e-06 1 -0.293556
192232 4791924 1 bhel0h 27.5726 2 1 1.09476e-06 1 -0.801237
192374 1535020 1 bhel0h 60.8359 2 1 1.09476e-06 1 -0.74221
192374 1921022 1 bhel0h 24.5379 2 1 1.09476e-06 1 0.849646
192892 1171871 1 bhel0h 41.0641 2 1 1.09476e-06 1 -0.928953
192892 1918158 1 bhel0h 21.8795 2 1 1.09476e-06 1 -0.234729
192988 192137 1 bhel0h 25.3467 2 1 1.09476e-06 1 -0.189731
193031 581919 1 bhel0h 33.3312 2 1 1.09476e-06 1 -0.919083
193104 901587 1 bhel0h 158.742 2 1 1.09476e-06 1 -0.924563
193105 2254600 1 bhel0h 157.915 2 1 1.09476e-06 1 -0.924484
193107 395127 1 bhel0h 34.2444 2 1 1.09476e-06 1 -0.826876
193247 1102309 1 bhel0h 51.2044 2 1 1.09476e-06 1 -0.691992
193462 578678 1 bhel0h 28.7747 2 1 1.09476e-06 1 -0.765417
193470 1178671 1 bhel0h 43.801 2 1 1.09476e-06 1 -0.728612
193985 12780 1 bhel0h 44.096 2 1 1.09476e-06 1 0.196429
194460 327895 1 bhel0h 50.7683 2 1 1.09476e-06 1 -0.898594
194460 15554415 1 bhel0h 44.8232 2 1 1.09476e-06 1 -0.372736
194536 1126503 1 bhel0h 36.6784 2 1 1.09476e-06 1 0.561859
194536 3757082 1 bhel0h 80.6099 2 1 1.09476e-06 1 -0.80334
194536 5220391 1 bhel0h 27.2492 2 1 1.09476e-06 1 -0.919362
194536 7669973 1 bhel0h 76.2638 2 1 1.09476e-06 1 -0.763783
194539 5941 1 bhel0h 59.9049 2 1 1.09476e-06 1 -0.365061
194845 5168872 1 bhel0h 46.5746 2 1 1.09476e-06 1 -0.806758
195211 16303 1 bhel0h 68.0413 2 1 1.09476e-06 1 -0.886566
195740 829346 1 bhel0h 39.2111 2 1 1.09476e-06 1 -0.935609
195781 1561919 1 bhel0h 179.147 2 1 1.09476e-06 1 -0.959868
195805 2301045 1 bhel0h 32.3913 2 1 1.09476e-06 1 0.327727
196100 3606457 1 bhel0h 132.348 2 1 1.09476e-06 1 -0.964862
196153 3574396 1 bhel0h 50.3989 2 1 1.09476e-06 1 -0.714754
196153 3874183 1 bhel0h 41.1827 2 1 1.09476e-06 1 0.00803788
196368 269748 1 bhel0h 36.1365 2 1 1.09476e-06 1 -0.608559
196440 2632050 1 bhel0h 37.9095 2 1 1.09476e-06 1 -0.819351
196441 1772356 1 bhel0h 59.8716 2 1 1.09476e-06 1 -0.677655
196473 3138513 1 bhel0h 27.6938 2 1 1.09476e-06 1 -0.698632
196737 10428066 1 bhel0h 20.2739 2 1 1.09476e-06 1 0.109251
196752 7669553 1 bhel0h 48.8174 2 1 1.09476e-06 1 -0.235319
196946 12121807 1 bhel0h 135.565 2 1 1.09476e-06 1 -0.962467
196989 5967805 1 bhel0h 21.0109 2 1 1.09476e-06 1 -0.629168
197103 4773733 1 bhel0h 63.7087 2 1 1.09476e-06 1 -0.0676369
197194 11279807 1 bhel0h 72.9211 2 1 1.09476e-06 1 -0.720478
197321 419458 1 bhel0h 73.4542 2 1 1.09476e-06 1 -0.812843
197405 2075630 1 bhel0h 27.8032 2 1 1.09476e-06 1 0.0583385
197405 7795857 1 bhel0h 22.2033 2 1 1.09476e-06 1 0.206468
197440 972915 1 bhel0h 27.0704 2 1 1.09476e-06 1 -0.933325
197716 3744462 1 bhel0h 39.2868 2 1 1.09476e-06 1 -0.0335911
197763 15938555 1 bhel0h 47.135 2 1 1.09476e-06 1 -0.799559
197763 18697283 1 bhel0h 32.7331 2 1 1.09476e-06 1 -0.773593
197808 9511582 1 bhel0h 29.4671 2 1 1.09476e-06 1 -0.344486
197990 1094987 1 bhel0h 99.5362 2 1 1.09476e-06 1 -0.794827
197995 3031347 1 bhel0h 38.6016 2 1 1.09476e-06 1 -0.36689
198117 13356904 1 bhel0h 57.6904 2 1 1.09476e-06 1 0.695422
198117 15700561 1 bhel0h 26.2783 2 1 1.09476e-06 1 -0.783231
198154 2555837 1 bhel0h 21.8281 2 1 1.09476e-06 1 -0.149846
198154 12641090 1 bhel0h 173.974 2 1 1.09476e-06 1 -0.960704
198154 13406036 1 bhel0h 86.9928 2 1 1.09476e-06 1 -0.923627
198379 4043655 1 bhel0h 177.057 2 1 1.09476e-06 1 -0.924712
198514 11498783 1 bhel0h 63.8979 2 1 1.09476e-06 1 -0.402729
198583 1405941 1 bhel0h 43.9604 2 1 1.09476e-06 1 -0.588077
198711 6732217 1 bhel0h 41.1031 2 1 1.09476e-06 1 -0.772936
198843 1973770 1 bhel0h 41.3424 2 1 1.09476e-06 1 -0.891162
198843 14714053 1 bhel0h 22.5869 2 1 1.09476e-06 1 -0.0984053
198843 14944857 1 bhel0h 47.4054 2 1 1.09476e-06 1 0.260326
198882 539507 1 bhel0h 23.8861 2 1 1.09476e-06 1 -0.117946
198882 5313785 1 bhel0h 69.174 2 1 1.09476e-06 1 -0.386785
199025 5676986 1 bhel0h 55.1962 2 1 1.09476e-06 1 -0.375843
199025 14959633 1 bhel0h 42.5038 2 1 1.09476e-06 1 0.449295
199025 19285549 1 bhel0h 49.1312 2 1 1.09476e-06 1 -0.207355
199146 4334595 1 bhel0h 31.0633 2 1 1.09476e-06 1 -0.0335994
199187 1499531 1 bhel0h 59.0164 2 1 1.09476e-06 1 0.345534
199187 7339983 1 bhel0h 22.1222 2 1 1.09476e-06 1 -0.597758
199218 11397159 1 bhel0h 56.1448 2 1 1.09476e-06 1 0.84059
199559 1407588 1 bhel0h 38.459 2 1 1.09476e-06 1 -0.841002
199559 2382123 1 bhel0h 49.2626 2 1 1.09476e-06 1 -0.801253
199655 197660 1 bhel0h 27.0806 2 1 1.09476e-06 1 -0.889064
199725 15628904 1 bhel0h 32.6189 2 1 1.09476e-06 1 -0.0327141
200023 172456 1 bhel0h 69.2877 2 1 1.09476e-06 1 0.133709
200028 2247363 1 bhel0h 33.8369 2 1 1.09476e-06 1 -0.86231
200309 6834181 1 bhel0h 31.8985 2 1 1.09476e-06 1 -0.955215
202002 1798073 1 bhel0h 43.8556 2 1 1.09476e-06 1 -0.917759
202003 85434 1 bhel0h 26.7393 2 1 1.09476e-06 1 0.24041
202041 4646424 1 bhel0h 28.3318 2 1 1.09476e-06 1 -0.44547
202041 5455092 1 bhel0h 30.1756 2 1 1.09476e-06 1 -0.41228
202041 11266557 1 bhel0h 37.1652 2 1 1.09476e-06 1 -0.946972
202174 281327 1 bhel0h 79.9002 2 1 1.09476e-06 1 -0.176433
202175 203272 1 bhel0h 23.4206 2 1 1.09476e-06 1 -0.925487
202306 3169370 1 bhel0h 46.7961 2 1 1.09476e-06 1 -0.419823
202396 1004990 1 bhel0h 44.8598 2 1 1.09476e-06 1 0.223024
202739 7877332 1 bhel0h 54.0671 2 1 1.09476e-06 1 -0.860095
202739 8957744 1 bhel0h 38.7194 2 1 1.09476e-06 1 0.931708
202771 8648600 1 bhel0h 28.5474 2 1 1.09476e-06 1 -0.0551243
202973 15179443 1 bhel0h 28.3307 2 1 1.09476e-06 1 -0.87408
203195 1174924 1 bhel0h 26.8826 2 1 1.09476e-06 1 -0.59013
203265 9480006 1 bhel0h 38.2742 2 1 1.09476e-06 1 -0.961144
203265 12203650 1 bhel0h 31.7523 2 1 1.09476e-06 1 -0.522059
203345 1400799 1 bhel0h 40.0647 2 1 1.09476e-06 1 0.748355
203439 7156 1 bhel0h 34.59 2 1 1.09476e-06 1 -0.431394
203685 1221061 1 bhel0h 57.5786 2 1 1.09476e-06 1 -0.520424
203764 3546590 1 bhel0h 46.5975 2 1 1.09476e-06 1 0.510373
203797 8608859 1 bhel0h 105.013 2 1 1.09476e-06 1 0.307253
203819 4629228 1 bhel0i 22.7432 2 1 1.56141e-06 1 -0.0326875
203819 6717353 1 bhel0i 36.8466 2 1 1.56141e-06 1 -0.882893
203826 2027632 1 bhel0i 29.7104 2 1 1.56141e-06 1 -0.864814
203881 4079545 1 bhel0i 28.6789 2 1 1.56141e-06 1 -0.0678682
204340 3263404 1 bhel0i 30.1287 2 1 1.56141e-06 1 -0.906702
204413 5806755 1 bhel0i 34.1944 2 1 1.56141e-06 1 0.086937
204413 7861284 1 bhel0i 38.7106 2 1 1.56141e-06 1 -0.159704
204444 930640 1 bhel0i 37.9108 2 1 1.56141e-06 1 -0.899471
204550 3218030 1 bhel0i 63.5405 2 1 1.56141e-06 1 -0.612677
204640 667160 1 bhel0i 106.008 2 1 1.56141e-06 1 -0.743614
204748 7861020 1 bhel0i 23.227 2 1 1.56141e-06 1 -0.479309
205009 2613097 1 bhel0i 44.2838 2 1 1.56141e-06 1 -0.95632
205009 5277340 1 bhel0i 21.8795 2 1 1.56141e-06 1 -0.672303
205009 6782044 1 bhel0i 34.2701 2 1 1.56141e-06 1 -0.671111
205070 5367242 1 bhel0i 38.8904 2 1 1.56141e-06 1 -0.490607
205320 843760 1 bhel0i 35.8572 2 1 1.56141e-06 1 0.501749
205558 2459203 1 bhel0i 27.7589 2 1 1.56141e-06 1 -0.582467
205563 719282 1 bhel0i 50.4014 2 1 1.56141e-06 1 -0.89378
205624 2826160 1 bhel0i 27.5569 2 1 1.56141e-06 1 -0.712512
205627 657306 1 bhel0i 73.9537 2 1 1.56141e-06 1 -0.889845
205640 13702532 1 bhel0i 42.6155 2 1 1.56141e-06 1 -0.38401
205966 3546234 1 bhel0i 30.1489 2 1 1.56141e-06 1 -0.402826
206029 1326742 1 bhel0i 34.9184 2 1 1.56141e-06 1 -0.889392
206186 10651121 1 bhel0i 49.8378 2 1 1.56141e-06 1 -0.0913901
206248 55147 1 bhel0i 33.6194 2 1 1.56141e-06 1 -0.901528
206255 1971493 1 bhel0i 90.8622 2 1 1.56141e-06 1 -0.777709
206285 1828584 1 bhel0i 47.3443 2 1 1.56141e-06 1 -0.602442
206285 10490360 1 bhel0i 20.9207 2 1 1.56141e-06 1 0.218874
206326 7560512 1 bhel0i 63.9812 2 1 1.56141e-06 1 0.866819
206537 8890205 1 bhel0i 35.0611 2 1 1.56141e-06 1 -0.686281
206669 9494022 1 bhel0i 40.8493 2 1 1.56141e-06 1 -0.308668
206697 822410 1 bhel0i 46.3066 2 1 1.56141e-06 1 -0.540429
206828 2121748 1 bhel0i 50.5714 2 1 1.56141e-06 1 -0.474841
206830 1168479 1 bhel0i 68.1857 2 1 1.56141e-06 1 0.253327
206989 577639 1 bhel0i 36.5332 2 1 1.56141e-06 1 0.0805364
207078 802836 1 bhel0i 33.4621 2 1 1.56141e-06 1 -0.411975
207080 9454638 1 bhel0i 91.2271 2 1 1.56141e-06 1 -0.796991
207115 4371930 1 bhel0i 35.2847 2 1 1.56141e-06 1 -0.669411
207115 6811774 1 bhel0i 49.815 2 1 1.56141e-06 1 0.707765
207214 3166156 1 bhel0i 40.2661 2 1 1.56141e-06 1 -0.862272
207421 64566 1 bhel0i 83.1837 2 1 1.56141e-06 1 0.276694
207488 9394996 1 bhel0i 32.4978 2 1 1.56141e-06 1 -0.393618
207513 691876 1 bhel0i 45.2805 2 1 1.56141e-06 1 -0.892987
209053 6700001 1 bhel0i 91.2048 2 1 1.56141e-06 1 -0.768699
209123 2423851 1 bhel0i 43.658 2 1 1.56141e-06 1 -0.941716
209149 1181203 1 bhel0i 34.4929 2 1 1.56141e-06 1 0.416728
209172 1335985 1 bhel0i 39.7468 2 1 1.56141e-06 1 -0.785834
209191 9307799 1 bhel0i 40.4621 2 1 1.56141e-06 1 -0.348493
209316 6842522 1 bhel0i 48.8468 2 1 1.56141e-06 1 0.723936
209341 2798700 1 bhel0i 57.9327 2 1 1.56141e-06 1 -0.122044
209372 363647 1 bhel0i 30.2629 2 1 1.56141e-06 1 -0.914971
209402 1760285 1 bhel0i 58.4484 2 1 1.56141e-06 1 0.584245
209402 12569052 1 bhel0i 93.4153 2 1 1.56141e-06 1 -0.0876172
209437 6683052 1 bhel0i 37.4967 2 1 1.56141e-06 1 -0.489676
209437 8767557 1 bhel0i 50.6054 2 1 1.56141e-06 1 0.399717
209486 1493543 1 bhel0i 21.3508 2 1 1.56141e-06 1 -0.558835
209511 3978695 1 bhel0i 44.2462 2 1 1.56141e-06 1 0.311256
209789 7492089 1 bhel0i 64.2819 2 1 1.56141e-06 1 -0.849865
209819 5185444 1 bhel0i 38.9046 2 1 1.56141e-06 1 -0.886829
209984 99668 1 bhel0i 43.9937 2 1 1.56141e-06 1 -0.561697
209986 7525867 1 bhel0i 33.4011 2 1 1.56141e-06 1 -0.948427
210914 7004432 1 bhel0i 26.9515 2 1 1.56141e-06 1 0.733472
210914 10833807 1 bhel0i 53.6199 2 1 1.56141e-06 1 -0.838684
210914 11630310 1 bhel0i 92.7908 2 1 1.56141e-06 1 -0.94316
211265 14603459 1 bhel0i 32.4165 2 1 1.56141e-06 1 -0.848717
211312 595037 1 bhel0i 27.8098 2 1 1.56141e-06 1 0.0197861
211312 10681870 1 bhel0i 33.3444 2 1 1.56141e-06 1 0.301115
211315 1418155 1 bhel0i 22.9273 2 1 1.56141e-06 1 0.0726422
211337 1045489 1 bhel0i 82.0426 2 1 1.56141e-06 1 -0.778538
211399 2685411 1 bhel0i 94.5592 2 1 1.56141e-06 1 -0.729122
211449 4362216 1 bhel0i 32.0145 2 1 1.56141e-06 1 -0.494639
211883 1911511 1 bhel0i 82.41 2 1 1.56141e-06 1 0.795129
211883 2251250 1 bhel0i 69.7015 2 1 1.56141e-06 1 0.374187
211903 5413216 1 bhel0i 26.6205 2 1 1.56141e-06 1 -0.800891
211903 13766374 1 bhel0i 32.1337 2 1 1.56141e-06 1 -0.962169
219673 3210767 1 bhelmi 32.9306 2 1 2.42627e-06 1 -0.92493
219964 6885649 1 bhelmi 42.5942 2 1 2.42627e-06 1 -0.14998
219943 4264340 1 bhelmi 42.2808 2 1 2.42627e-06 1 -0.311225
220221 12090188 1 bhelmi 62.7506 2 1 2.42627e-06 1 0.055352
220248 1620730 1 bhelmi 64.109 2 1 2.42627e-06 1 -0.691463
220579 674509 1 bhelmi 40.9247 2 1 2.42627e-06 1 -0.583787
220589 11123568 1 bhelmi 94.623 2 1 2.42627e-06 1 -0.772404
221174 4212588 1 bhelmi 53.7114 2 1 2.42627e-06 1 0.52024
219091 2053166 1 bhelmi 82.2495 2 1 2.42627e-06 1 -0.918633
219386 1458548 1 bhelmi 48.3698 2 1 2.42627e-06 1 -0.771292
219570 2452917 1 bhelmi 50.2026 2 1 2.42627e-06 1 -0.74336
219607 25097 1 bhelmi 35.5181 2 1 2.42627e-06 1 0.319229
219607 7742344 1 bhelmi 51.3211 2 1 2.42627e-06 1 0.584529
221605 2268290 1 bhelmi 139.557 2 1 2.42627e-06 1 -0.874122
221657 11888542 1 bhelmi 52.661 2 1 2.42627e-06 1 -0.586412
221904 4392313 1 bhelmi 30.7658 2 1 2.42627e-06 1 -0.265202
221920 688272 1 bhelmi 74.8763 2 1 2.42627e-06 1 -0.569004
222357 13681027 1 bhelmi 64.5139 2 1 2.42627e-06 1 0.142064
218653 4869593 1 bhelmi 48.256 2 1 2.42627e-06 1 0.234817
221723 18450227 1 bhelmi 68.3035 2 1 2.42627e-06 1 -0.441976
221804 1523809 1 bhelmi 46.7014 2 1 2.42627e-06 1 0.334924
222271 3773400 1 bhelmi 43.9978 2 1 2.42627e-06 1 -0.800813
222271 13076149 1 bhelmi 30.3029 2 1 2.42627e-06 1 -0.954072
222364 3845395 1 bhelmi 36.0574 2 1 2.42627e-06 1 -0.259452
222364 4371759 1 bhelmi 36.4329 2 1 2.42627e-06 1 -0.609287
218658 4386781 1 bhelmi 77.7309 2 1 2.42627e-06 1 -0.914193
218713 12065301 1 bhelmi 37.8782 2 1 2.42627e-06 1 0.464577
219222 357601 1 bhelmi 27.2383 2 1 2.42627e-06 1 -0.950219
219222 1324651 1 bhelmi 32.9982 2 1 2.42627e-06 1 -0.927589
219225 156101 1 bhelmi 31.1274 2 1 2.42627e-06 1 -0.510546
221201 59819 1 bhelmi 33.785 2 1 2.42627e-06 1 -0.0286153
221464 3861526 1 bhelmi 39.3636 2 1 2.42627e-06 1 0.377691
221464 14334634 1 bhelmi 45.8659 2 1 2.42627e-06 1 0.540235
221464 26248329 1 bhelmi 41.8247 2 1 2.42627e-06 1 -0.00178037
221751 7823073 1 bhelmi 45.9887 2 1 2.42627e-06 1 -0.870781
221751 12247246 1 bhelmi 51.4241 2 1 2.42627e-06 1 -0.0424583
221827 9201135 1 bhelmi 30.6822 2 1 2.42627e-06 1 -0.216251
224445 17385102 1 bhelmi2 44.0219 2 1 2.55581e-06 1 -0.466754
222532 1666928 1 bhelmi2 28.7987 2 1 2.55581e-06 1 0.351595
222835 4727398 1 bhelmi2 31.3742 2 1 2.55581e-06 1 0.782946
222835 6192013 1 bhelmi2 28.0131 2 1 2.55581e-06 1 -0.475379
224126 8786096 1 bhelmi2 43.0916 2 1 2.55581e-06 1 -0.033883
224126 11895118 1 bhelmi2 30.993 2 1 2.55581e-06 1 -0.555299
222957 4343634 1 bhelmi2 25.6159 2 1 2.55581e-06 1 0.68322
224481 12053364 1 bhelmi2 69.1574 2 1 2.55581e-06 1 -0.931618
227747 1307613 1 bhelmi2 90.4936 2 1 2.55581e-06 1 -0.885832
223158 16843334 1 bhelmi2 39.8921 2 1 2.55581e-06 1 0.568783
227782 3301964 1 bhelmi2 71.4625 2 1 2.55581e-06 1 -0.00146835
226365 10772472 1 bhelmi2 36.456 2 1 2.55581e-06 1 0.427304
226365 5804101 1 bhelmi2 39.6826 2 1 2.55581e-06 1 -0.787752
227782 22122658 1 bhelmi2 60.083 2 1 2.55581e-06 1 -0.573533
227750 14502833 1 bhelmi2 36.1368 2 1 2.55581e-06 1 -0.494831
228399 4616021 1 bhelmi2 52.5909 2 1 2.55581e-06 1 -0.892118
226365 1331519 1 bhelmi2 25.1085 2 1 2.55581e-06 1 -0.218357
222552 1514435 1 bhelmi2 50.8293 2 1 2.55581e-06 1 -0.501449
222841 6657871 1 bhelmi2 35.4482 2 1 2.55581e-06 1 -0.735298
223158 9043322 1 bhelmi2 38.2075 2 1 2.55581e-06 1 0.695992
223236 3164568 1 bhelmi2 40.8558 2 1 2.55581e-06 1 -0.85402
228596 5956069 1 bhelmi2 59.5906 2 1 2.55581e-06 1 0.752225
223309 1880744 1 bhelmi2 73.108 2 1 2.55581e-06 1 -0.78268
224085 9327376 1 bhelmi2 36.6028 2 1 2.55581e-06 1 -0.593848
227834 5527473 1 bhelmi2 81.3669 2 1 2.55581e-06 1 -0.0648772
227834 1742489 1 bhelmi2 27.2299 2 1 2.55581e-06 1 -0.571148
227782 7296883 1 bhelmi2 28.5568 2 1 2.55581e-06 1 -0.148854
226254 6727552 1 bhelmi2 55.9625 2 1 2.55581e-06 1 -0.915061
227708 1131234 1 bhelmi2 35.3126 2 1 2.55581e-06 1 -0.749982
227708 2858568 1 bhelmi2 114.001 2 1 2.55581e-06 1 -0.902408
227708 4538850 1 bhelmi2 32.4372 2 1 2.55581e-06 1 -0.274222
222552 27108914 1 bhelmi2 46.8795 2 1 2.55581e-06 1 -0.805176
222727 5265243 1 bhelmi2 45.8461 2 1 2.55581e-06 1 -0.493188
222727 5269750 1 bhelmi2 46.9744 2 1 2.55581e-06 1 -0.948469
224126 995195 1 bhelmi2 49.7975 2 1 2.55581e-06 1 -0.522461
226297 12914840 1 bhelmi2 44.7177 2 1 2.55581e-06 1 0.686738
227750 3563134 1 bhelmi2 21.6587 2 1 2.55581e-06 1 -0.00352893
228596 2088353 1 bhelmi2 83.9241 2 1 2.55581e-06 1 -0.592311
223642 612970 1 bhelmi2 55.9277 2 1 2.55581e-06 1 -0.434293
226196 3593855 1 bhelmi2 23.3829 2 1 2.55581e-06 1 0.224683
226297 6218483 1 bhelmi2 35.0796 2 1 2.55581e-06 1 0.332945
226297 6546065 1 bhelmi2 25.7705 2 1 2.55581e-06 1 0.102148
228664 18248016 1 bhelmi3 45.5082 2 1 1.67189e-06 1 -0.574724
228664 11172418 1 bhelmi3 70.3988 2 1 1.67189e-06 1 -0.173692
230563 2159369 1 bhelmi3 34.5551 2 1 1.67189e-06 1 -0.849237
233078 10905696 1 bhelmi3 43.4793 2 1 1.67189e-06 1 0.582071
230947 287883 1 bhelmi3 138.436 2 1 1.67189e-06 1 -0.959957
231905 585513 1 bhelmi3 72.2982 2 1 1.67189e-06 1 -0.788614
228763 882495 1 bhelmi3 39.1518 2 1 1.67189e-06 1 -0.54515
228763 2540793 1 bhelmi3 115.924 2 1 1.67189e-06 1 -0.952506
232804 7652238 1 bhelmi3 55.901 2 1 1.67189e-06 1 -0.721132
233031 963074 1 bhelmi3 21.4922 2 1 1.67189e-06 1 -0.218674
233031 3222370 1 bhelmi3 25.0107 2 1 1.67189e-06 1 -0.661499
231161 16353874 1 bhelmi3 34.5276 2 1 1.67189e-06 1 -0.00556923
231927 7787730 1 bhelmi3 82.0146 2 1 1.67189e-06 1 -0.686759
228683 19989411 1 bhelmi3 85.5896 2 1 1.67189e-06 1 -0.782791
229040 119941 1 bhelmi3 31.6049 2 1 1.67189e-06 1 -0.90997
229040 447843 1 bhelmi3 35.8399 2 1 1.67189e-06 1 -0.498334
230568 651661 1 bhelmi3 30.5088 2 1 1.67189e-06 1 -0.85796
231298 14859275 1 bhelmi3 77.6102 2 1 1.67189e-06 1 -0.397675
231294 309004 1 bhelmi3 58.4396 2 1 1.67189e-06 1 -0.814805
232088 7455539 1 bhelmi3 34.6143 2 1 1.67189e-06 1 -0.673591
229084 16429754 1 bhelmi3 48.0613 2 1 1.67189e-06 1 -0.171265
230486 140959 1 bhelmi3 28.1068 2 1 1.67189e-06 1 -0.866451
232028 741752 1 bhelmi3 34.1072 2 1 1.67189e-06 1 -0.937453
228763 16829147 1 bhelmi3 42.2383 2 1 1.67189e-06 1 -0.745441
231156 7261244 1 bhelmi3 26.5151 2 1 1.67189e-06 1 -0.90259
231907 34769 1 bhelmi3 47.6143 2 1 1.67189e-06 1 -0.154051
230628 21049421 1 bhelmi3 33.3084 2 1 1.67189e-06 1 -0.308098
228786 381878 1 bhelmi3 24.3051 2 1 1.67189e-06 1 -0.896266
228786 3730602 1 bhelmi3 69.0565 2 1 1.67189e-06 1 0.169579
231179 608612 1 bhelmi3 35.9397 2 1 1.67189e-06 1 -0.0191514
229448 3859951 1 bhelmi3 26.8427 2 1 1.67189e-06 1 -0.603482
232088 21267581 1 bhelmi3 28.275 2 1 1.67189e-06 1 -0.269572
230778 10281029 1 bhelmi3 39.0419 2 1 1.67189e-06 1 -0.967701
231334 8666944 1 bhelmi3 31.9949 2 1 1.67189e-06 1 -0.789463
231294 9695991 1 bhelmi3 29.7142 2 1 1.67189e-06 1 -0.498839
232062 7335270 1 bhelmi3 57.4362 2 1 1.67189e-06 1 -0.767027
233031 6085608 1 bhelmi3 20.0618 2 1 1.67189e-06 1 -0.295108
230921 4463323 1 bhelmi3 52.6255 2 1 1.67189e-06 1 -0.904161
230921 6172167 1 bhelmi3 27.835 2 1 1.67189e-06 1 0.656306
233050 16393330 1 bhelmi3 95.5573 2 1 1.67189e-06 1 -0.798733
229936 10410862 1 bhelmi3 26.6483 2 1 1.67189e-06 1 -0.843787
230005 5706442 1 bhelmi3 75.49 2 1 1.67189e-06 1 -0.555737
231156 1107310 1 bhelmi3 33.9633 2 1 1.67189e-06 1 -0.89537
229879 47660 1 bhelmi3 26.7794 2 1 1.67189e-06 1 -0.827101
228683 8707245 1 bhelmi3 55.8841 2 1 1.67189e-06 1 0.391313
231478 15927402 1 bhelmi3 43.5956 2 1 1.67189e-06 1 -0.479564
232812 9062965 1 bhelmi3 36.7395 2 1 1.67189e-06 1 -0.913413
231514 2152624 1 bhelmi3 45.6421 2 1 1.67189e-06 1 -0.903251
232444 9876329 1 bhelmi3 179.184 2 1 1.67189e-06 1 -0.977841
232444 14974439 1 bhelmi3 21.8381 2 1 1.67189e-06 1 0.2922
231082 2625641 1 bhelmi3 25.2524 2 1 1.67189e-06 1 0.379564
232062 34803776 1 bhelmi3 48.4547 2 1 1.67189e-06 1 -0.903067
232286 16085552 1 bhelmi3 42.1057 2 1 1.67189e-06 1 -0.808849
232445 1979785 1 bhelmi3 38.4275 2 1 1.67189e-06 1 -0.223851
228902 9992146 1 bhelmi3 58.9264 2 1 1.67189e-06 1 0.0178643
229084 5389817 1 bhelmi3 83.6405 2 1 1.67189e-06 1 -0.557444
231124 2798546 1 bhelmi3 30.7264 2 1 1.67189e-06 1 -0.776566
233097 20847666 1 bhelmi3 48.106 2 1 1.67189e-06 1 -0.866909
230769 1016319 1 bhelmi3 37.7355 2 1 1.67189e-06 1 0.410379
230058 1130808 1 bhelmi3 28.5821 2 1 1.67189e-06 1 -0.642972
233035 5018980 1 bhelmi3 40.6715 2 1 1.67189e-06 1 -0.892244
231693 2501991 1 bhelmi3 61.9997 2 1 1.67189e-06 1 -0.903806
231693 4339690 1 bhelmi3 47.9323 2 1 1.67189e-06 1 -0.948518
231693 8994618 1 bhelmi3 59.732 2 1 1.67189e-06 1 0.177309
230620 967818 1 bhelmi3 71.2471 2 1 1.67189e-06 1 -0.549444
231453 19004692 1 bhelmi3 34.0123 2 1 1.67189e-06 1 -0.458849
228902 18156815 1 bhelmi3 40.1769 2 1 1.67189e-06 1 -0.350904
230563 10279114 1 bhelmi3 39.348 2 1 1.67189e-06 1 -0.606497
230563 11545265 1 bhelmi3 57.6798 2 1 1.67189e-06 1 -0.794545
231452 9030154 1 bhelmi3 77.4922 2 1 1.67189e-06 1 -0.924468
232025 2493443 1 bhelmi3 26.6243 2 1 1.67189e-06 1 -0.555633
232062 18139354 1 bhelmi3 29.7972 2 1 1.67189e-06 1 -0.635575
232088 13232193 1 bhelmi3 30.2238 2 1 1.67189e-06 1 -0.79528
228763 20677532 1 bhelmi3 26.312 2 1 1.67189e-06 1 -0.218733
232812 18488116 1 bhelmi3 30.5442 2 1 1.67189e-06 1 0.345922
237795 11146547 1 bhelmj 61.1529 2 1 1.71443e-06 1 0.479593
237795 6493699 1 bhelmj 46.9435 2 1 1.71443e-06 1 -0.67587
237795 12206875 1 bhelmj 36.3855 2 1 1.71443e-06 1 0.841613
237705 14947433 1 bhelmj 26.2886 2 1 1.71443e-06 1 -0.56617
237705 21303010 1 bhelmj 66.8753 2 1 1.71443e-06 1 -0.549201
237705 2633547 1 bhelmj 63.9251 2 1 1.71443e-06 1 -0.252672
233171 5058775 1 bhelmj 44.2111 2 1 1.71443e-06 1 -0.485385
233171 14148064 1 bhelmj 50.0349 2 1 1.71443e-06 1 0.693323
236040 5202751 1 bhelmj 78.2112 2 1 1.71443e-06 1 -0.709512
236040 586110 1 bhelmj 28.8615 2 1 1.71443e-06 1 -0.530992
236040 5951385 1 bhelmj 74.9539 2 1 1.71443e-06 1 -0.468
236040 13207952 1 bhelmj 43.4038 2 1 1.71443e-06 1 -0.862145
236168 27298946 1 bhelmj 45.7992 2 1 1.71443e-06 1 -0.265542
236168 2907891 1 bhelmj 33.1952 2 1 1.71443e-06 1 -0.582944
236168 25739546 1 bhelmj 39.7681 2 1 1.71443e-06 1 -0.96258
236168 18700442 1 bhelmj 57.9226 2 1 1.71443e-06 1 -0.877916
236255 16905372 1 bhelmj 68.9216 2 1 1.71443e-06 1 -0.460394
236389 3612747 1 bhelmj 47.7532 2 1 1.71443e-06 1 0.670731
236389 5716877 1 bhelmj 36.6631 2 1 1.71443e-06 1 -0.894968
236580 35091 1 bhelmj 65.4359 2 1 1.71443e-06 1 -0.963473
236580 1427083 1 bhelmj 35.1896 2 1 1.71443e-06 1 -0.970582
236580 1565943 1 bhelmj 28.0711 2 1 1.71443e-06 1 -0.683797
236580 15411853 1 bhelmj 28.3496 2 1 1.71443e-06 1 -0.942483
236585 20633717 1 bhelmj 37.6124 2 1 1.71443e-06 1 -0.946189
236753 12142532 1 bhelmj 43.1792 2 1 1.71443e-06 1 -0.941332
236965 5344722 1 bhelmj 58.1807 2 1 1.71443e-06 1 0.0645858
237122 4428426 1 bhelmj 22.3105 2 1 1.71443e-06 1 -0.403712
237122 7311297 1 bhelmj 23.6689 2 1 1.71443e-06 1 0.165979
237226 4798595 1 bhelmj 30.4829 2 1 1.71443e-06 1 -0.356379
237310 9275408 1 bhelmj 26.7882 2 1 1.71443e-06 1 -0.81102
237310 310661 1 bhelmj 76.4924 2 1 1.71443e-06 1 -0.855729
237310 2371038 1 bhelmj 74.3565 2 1 1.71443e-06 1 -0.11316
237335 20526248 1 bhelmj 50.8242 2 1 1.71443e-06 1 -0.432586
237335 34525270 1 bhelmj 84.7387 2 1 1.71443e-06 1 -0.807505
237346 6814663 1 bhelmj 49.8544 2 1 1.71443e-06 1 -0.974619
237346 11053285 1 bhelmj 43.4986 2 1 1.71443e-06 1 -0.0612579
237346 12141544 1 bhelmj 67.8457 2 1 1.71443e-06 1 -0.553271
237478 5387968 1 bhelmj 20.3638 2 1 1.71443e-06 1 -0.866103
237478 10392778 1 bhelmj 77.7996 2 1 1.71443e-06 1 -0.677194
237478 752179 1 bhelmj 23.0411 2 1 1.71443e-06 1 -0.610876
233650 14732467 1 bhelmj 30.266 2 1 1.71443e-06 1 -0.589321
233650 4216877 1 bhelmj 82.3025 2 1 1.71443e-06 1 0.360163
234663 10467883 1 bhelmj 30.0093 2 1 1.71443e-06 1 -0.859696
234972 13575767 1 bhelmj 47.5392 2 1 1.71443e-06 1 -0.709595
234972 20056921 1 bhelmj 63.7457 2 1 1.71443e-06 1 -0.339463
233650 7737521 1 bhelmj 118.345 2 1 1.71443e-06 1 -0.881309
234571 7171058 1 bhelmj 41.092 2 1 1.71443e-06 1 -0.608502
234985 3506942 1 bhelmj 56.1 2 1 1.71443e-06 1 -0.778323
234589 604159 1 bhelmj 48.7942 2 1 1.71443e-06 1 0.100509
235663 4238733 1 bhelmj 57.6344 2 1 1.71443e-06 1 -0.209609
235932 4032325 1 bhelmj 66.2298 2 1 1.71443e-06 1 -0.359784
233764 6609514 1 bhelmj 42.0458 2 1 1.71443e-06 1 0.40994
233864 7252037 1 bhelmj 32.0522 2 1 1.71443e-06 1 -0.447681
234571 8623686 1 bhelmj 67.2675 2 1 1.71443e-06 1 -0.575425
234754 9325374 1 bhelmj 33.012 2 1 1.71443e-06 1 -0.943985
234754 14877649 1 bhelmj 31.7355 2 1 1.71443e-06 1 -0.838231
234864 24282958 1 bhelmj 47.7814 2 1 1.71443e-06 1 -0.440463
234985 6813663 1 bhelmj 82.3609 2 1 1.71443e-06 1 -0.648233
235056 20078384 1 bhelmj 52.9267 2 1 1.71443e-06 1 -0.467503
235056 21625405 1 bhelmj 130.529 2 1 1.71443e-06 1 -0.858876
235158 10163655 1 bhelmj 49.8183 2 1 1.71443e-06 1 -0.339879
235158 5754365 1 bhelmj 33.525 2 1 1.71443e-06 1 -0.782841
235780 2137464 1 bhelmj 33.8119 2 1 1.71443e-06 1 -0.945129
235780 21274724 1 bhelmj 37.9383 2 1 1.71443e-06 1 -0.592443
235924 23992115 1 bhelmj 33.0574 2 1 1.71443e-06 1 -0.919023
235924 26361041 1 bhelmj 31.2978 2 1 1.71443e-06 1 -0.601434
238241 30338473 1 bhelmj_p12 39.9668 2 1 2.51369e-06 1 0.047735
238241 29594817 1 bhelmj_p12 36.7974 2 1 2.51369e-06 1 -0.373079
238817 2464042 1 bhelmj_p12 42.188 2 1 2.51369e-06 1 -0.596565
239076 20591518 1 bhelmj_p12 65.1119 2 1 2.51369e-06 1 -0.498502
239076 2788269 1 bhelmj_p12 51.546 2 1 2.51369e-06 1 -0.869071
239277 8598109 1 bhelmj_p12 27.715 2 1 2.51369e-06 1 -0.490662
237850 7481656 1 bhelmj_p12 36.9683 2 1 2.51369e-06 1 -0.958725
238235 258173 1 bhelmj_p12 38.8061 2 1 2.51369e-06 1 -0.863398
238493 20555352 1 bhelmj_p12 51.2833 2 1 2.51369e-06 1 -0.337675
238493 23871346 1 bhelmj_p12 57.117 2 1 2.51369e-06 1 -0.287998
238877 2806485 1 bhelmj_p12 38.801 2 1 2.51369e-06 1 -0.901722
239230 138486 1 bhelmj_p12 35.2316 2 1 2.51369e-06 1 -0.767143
239230 2207505 1 bhelmj_p12 47.3551 2 1 2.51369e-06 1 -0.938496
239230 13342940 1 bhelmj_p12 20.6116 2 1 2.51369e-06 1 -0.537556
239451 7951304 1 bhelmj_p12 23.4013 2 1 2.51369e-06 1 -0.534129
239900 8054501 1 bhelmj_p12 65.0119 2 1 2.51369e-06 1 -0.774654
238452 663048 1 bhelmj_p12 23.0775 2 1 2.51369e-06 1 -0.625979
238452 6513015 1 bhelmj_p12 142.687 2 1 2.51369e-06 1 -0.964679
238454 1822128 1 bhelmj_p12 45.5498 2 1 2.51369e-06 1 0.858952
238920 3595416 1 bhelmj_p12 38.7702 2 1 2.51369e-06 1 -0.543301
238952 382536 1 bhelmj_p12 41.8478 2 1 2.51369e-06 1 -0.96946
238981 373698 1 bhelmj_p12 39.3328 2 1 2.51369e-06 1 -0.399125
239218 13536497 1 bhelmj_p12 31.7103 2 1 2.51369e-06 1 -0.671207
239218 5398223 1 bhelmj_p12 32.9222 2 1 2.51369e-06 1 0.377466
239256 9335922 1 bhelmj_p12 31.9856 2 1 2.51369e-06 1 -0.603202
239906 19481506 1 bhelmj_p12 41.9431 2 1 2.51369e-06 1 -0.82935
240130 21895341 1 bhelmj_p12 59.5793 2 1 2.51369e-06 1 -0.19323
240296 1481415 1 bhelmj_p12 77.2932 2 1 2.51369e-06 1 0.644662
240296 5408173 1 bhelmj_p12 37.452 2 1 2.51369e-06 1 0.545704
240386 1997866 1 bhelmj_p12 40.8328 2 1 2.51369e-06 1 -0.695458
240445 5359185 1 bhelmj_p12 32.2172 2 1 2.51369e-06 1 -0.427467
240610 2651018 1 bhelmj_p12 21.1075 2 1 2.51369e-06 1 -0.213867
240652 2786966 1 bhelmj_p12 39.6747 2 1 2.51369e-06 1 -0.0933301
240788 3054686 1 bhelmj_p12 37.1153 2 1 2.51369e-06 1 -0.764831
240836 9108261 1 bhelmj_p12 32.1078 2 1 2.51369e-06 1 0.230366
240871 2223692 1 bhelmj_p12 81.6376 2 1 2.51369e-06 1 -0.776528
240893 4095449 1 bhelmj_p12 49.2683 2 1 2.51369e-06 1 0.636297
240895 4204962 1 bhelmj_p12 86.2011 2 1 2.51369e-06 1 -0.862708
240905 1137690 1 bhelmj_p12 35.6211 2 1 2.51369e-06 1 0.275772
241038 13243104 1 bhelmj_p12 94.7341 2 1 2.51369e-06 1 -0.716167
241110 1965459 1 bhelmj_p12 21.7936 2 1 2.51369e-06 1 -0.858674
241181 8103263 1 bhelmj_p12 66.743 2 1 2.51369e-06 1 -0.896228
241511 8154710 1 bhelmj_p12 59.7009 2 1 2.51369e-06 1 -0.516775
244297 22727129 1 bhelmj_p13 37.2449 2 1 1.50474e-06 1 -0.430536
244996 20850644 1 bhelmj_p13 44.0994 2 1 1.50474e-06 1 -0.906254
243523 1378010 1 bhelmj_p13 28.5391 2 1 1.50474e-06 1 -0.381595
244696 1662151 1 bhelmj_p13 48.4783 2 1 1.50474e-06 1 -0.330774
244966 8574811 1 bhelmj_p13 43.5402 2 1 1.50474e-06 1 -0.605147
242168 2132173 1 bhelmj_p13 67.7153 2 1 1.50474e-06 1 -0.953492
243712 4603001 1 bhelmj_p13 66.0556 2 1 1.50474e-06 1 -0.544102
244485 10443280 1 bhelmj_p13 102.023 2 1 1.50474e-06 1 -0.96963
246125 4864784 1 bhelmj_p13 27.8787 2 1 1.50474e-06 1 -0.052129
244297 16423954 1 bhelmj_p13 104.536 2 1 1.50474e-06 1 -0.905465
244696 19468734 1 bhelmj_p13 31.4611 2 1 1.50474e-06 1 -0.12379
242764 5400015 1 bhelmj_p13 21.6009 2 1 1.50474e-06 1 -0.674665
243252 10214344 1 bhelmj_p13 30.1856 2 1 1.50474e-06 1 -0.294632
243352 1526944 1 bhelmj_p13 183.583 2 1 1.50474e-06 1 -0.87454
244996 12542355 1 bhelmj_p13 62.0315 2 1 1.50474e-06 1 -0.782668
244789 24187502 1 bhelmj_p13 35.9219 2 1 1.50474e-06 1 -0.181268
244297 23922920 1 bhelmj_p13 46.5017 2 1 1.50474e-06 1 -0.924253
245057 1492427 1 bhelmj_p13 37.8389 2 1 1.50474e-06 1 -0.885387
244649 6543543 1 bhelmj_p13 40.8002 2 1 1.50474e-06 1 -0.36481
245516 9824603 1 bhelmj_p13 25.199 2 1 1.50474e-06 1 0.700061
246160 2871516 1 bhelmj_p13 51.476 2 1 1.50474e-06 1 0.810609
243402 2472433 1 bhelmj_p13 35.1446 2 1 1.50474e-06 1 -0.950448
245210 23055314 1 bhelmj_p13 42.3892 2 1 1.50474e-06 1 0.342221
245518 4484998 1 bhelmj_p13 41.4066 2 1 1.50474e-06 1 -0.0476735
246132 917180 1 bhelmj_p13 28.3648 2 1 1.50474e-06 1 -0.943524
244335 12094572 1 bhelmj_p13 31.6809 2 1 1.50474e-06 1 0.59929
244696 2164384 1 bhelmj_p13 46.5182 2 1 1.50474e-06 1 0.084487
245713 13184967 1 bhelmj_p13 41.5918 2 1 1.50474e-06 1 -0.691512
245865 19981470 1 bhelmj_p13 29.3381 2 1 1.50474e-06 1 -0.365732
242865 10302078 1 bhelmj_p13 36.0215 2 1 1.50474e-06 1 0.311959
246078 6008555 1 bhelmj_p13 69.9575 2 1 1.50474e-06 1 -0.315194
243711 442415 1 bhelmj_p13 26.5413 2 1 1.50474e-06 1 -0.347049
244697 244787 1 bhelmj_p13 30.5472 2 1 1.50474e-06 1 -0.776253
245021 11595997 1 bhelmj_p13 86.8611 2 1 1.50474e-06 1 -0.285097
245102 8896374 1 bhelmj_p13 44.6223 2 1 1.50474e-06 1 -0.237954
242291 13136826 1 bhelmj_p13 40.8537 2 1 1.50474e-06 1 -0.827618
242349 1011833 1 bhelmj_p13 38.9665 2 1 1.50474e-06 1 -0.857125
242640 1779494 1 bhelmj_p13 36.4591 2 1 1.50474e-06 1 -0.463905
243350 1713911 1 bhelmj_p13 68.0511 2 1 1.50474e-06 1 -0.961175
244186 1001986 1 bhelmj_p13 38.6638 2 1 1.50474e-06 1 -0.287394
245210 18580850 1 bhelmj_p13 32.9943 2 1 1.50474e-06 1 -0.924451
246229 5067428 1 bhelmj_p13 40.2089 2 1 1.50474e-06 1 0.276613
242582 756436 1 bhelmj_p13 45.0437 2 1 1.50474e-06 1 -0.883278
242557 1564229 1 bhelmj_p13 66.235 2 1 1.50474e-06 1 0.934927
243523 3558013 1 bhelmj_p13 36.5944 2 1 1.50474e-06 1 -0.629825
245280 1750906 1 bhelmj_p13 31.2544 2 1 1.50474e-06 1 -0.485956
245713 15678164 1 bhelmj_p13 54.7823 2 1 1.50474e-06 1 -0.467708
242381 10305114 1 bhelmj_p13 35.476 2 1 1.50474e-06 1 -0.757456
242382 557311 1 bhelmj_p13 65.498 2 1 1.50474e-06 1 0.482765
244417 3530958 1 bhelmj_p13 51.0334 2 1 1.50474e-06 1 -0.684889
244485 19581148 1 bhelmj_p13 24.5903 2 1 1.50474e-06 1 -0.407663
244983 2176809 1 bhelmj_p13 35.8928 2 1 1.50474e-06 1 -0.224517
245865 15479149 1 bhelmj_p13 40.7108 2 1 1.50474e-06 1 0.912348
245865 15823627 1 bhelmj_p13 53.7107 2 1 1.50474e-06 1 -0.886869
242382 8806035 1 bhelmj_p13 41.8868 2 1 1.50474e-06 1 -0.717864
244007 819653 1 bhelmj_p13 66.9465 2 1 1.50474e-06 1 -0.880312
244789 10480126 1 bhelmj_p13 54.4189 2 1 1.50474e-06 1 -0.235004
242877 7678656 1 bhelmj_p13 46.2162 2 1 1.50474e-06 1 0.199455
244537 10007873 1 bhelmj_p13 44.1374 2 1 1.50474e-06 1 -0.949077
245091 5203266 1 bhelmj_p13 88.4372 2 1 1.50474e-06 1 0.467524
242037 7137136 1 bhelmj_p13 28.8423 2 1 1.50474e-06 1 0.354488
242381 15656027 1 bhelmj_p13 33.0874 2 1 1.50474e-06 1 -0.805615
242734 26034401 1 bhelmj_p13 26.977 2 1 1.50474e-06 1 -0.277453
243663 12070836 1 bhelmj_p13 28.8239 2 1 1.50474e-06 1 -0.710134
244996 60102 1 bhelmj_p13 29.8444 2 1 1.50474e-06 1 -0.857952
245285 4952524 1 bhelmj_p13 62.6872 2 1 1.50474e-06 1 -0.935934
242646 2313559 1 bhelmj_p13 89.1418 2 1 1.50474e-06 1 -0.0605619
244696 26771412 1 bhelmj_p13 50.2488 2 1 1.50474e-06 1 -0.219074
244983 5387245 1 bhelmj_p13 47.5004 2 1 1.50474e-06 1 -0.670203
142202 1312674 11 bhmu0d 20.8591 2 1 2.62946e-06 1 0.227377
149355 635452 11 bhmu0d 77.2131 2 1 2.62946e-06 1 0.355675
150799 782782 11 bhmu0d 27.4639 2 1 2.62946e-06 1 0.728761
151434 754793 11 bhmu0d 22.5315 2 1 2.62946e-06 1 -0.545209
153662 612829 14 bhmu0d 31.3298 2 1 2.62946e-06 1 -0.754495
153694 557614 11 bhmu0d 27.9997 2 1 2.62946e-06 1 -0.553328
153739 1703199 11 bhmu0d 30.0165 2 1 2.62946e-06 1 -0.685454
155129 1578116 11 bhmu0d 31.1257 2 1 2.62946e-06 1 -0.935512
155301 404024 11 bhmu0d 59.7057 2 1 2.62946e-06 1 -0.8567
155818 1980579 11 bhmu0d 23.934 2 1 2.62946e-06 1 -0.327721
155996 1456579 14 bhmu0d 27.7968 2 1 2.62946e-06 1 -0.76231
156103 2433576 11 bhmu0d 69.6144 2 1 2.62946e-06 1 0.0492732
160230 4243997 11 bhmu0d 32.7506 2 1 2.62946e-06 1 -0.468116
160594 552819 11 bhmu0d 47.2995 2 1 2.62946e-06 1 -0.427207
160988 2066916 14 bhmu0d 28.3031 2 1 2.62946e-06 1 0.756286
161013 372188 11 bhmu0d 27.3915 2 1 2.62946e-06 1 0.453082
161379 1433163 11 bhmu0d 33.6661 2 1 2.62946e-06 1 -0.661297
161411 1307823 11 bhmu0d 31.5452 2 1 2.62946e-06 1 -0.499137
161552 522397 14 bhmu0d 44.1045 2 1 2.62946e-06 1 -0.181111
162498 4650145 14 bhmu0d 83.6505 2 1 2.62946e-06 1 -0.786801
163064 1354337 14 bhmu0d 31.494 2 1 2.62946e-06 1 0.28207
164844 238813 11 bhmu0d 36.1951 2 1 2.62946e-06 1 0.744826
165064 213095 14 bhmu0d 49.8538 2 1 2.62946e-06 1 -0.102318
165064 4227264 11 bhmu0d 38.4066 2 1 2.62946e-06 1 -0.141268
165364 480929 11 bhmu0d 30.3784 2 1 2.62946e-06 1 -0.733555
165365 764475 14 bhmu0d 26.2559 2 1 2.62946e-06 1 -0.705559
165365 2439023 14 bhmu0d 24.9874 2 1 2.62946e-06 1 -0.796536
165435 607996 11 bhmu0d 24.2154 2 1 2.62946e-06 1 -0.590989
165836 3189582 14 bhmu0d 53.5751 2 1 2.62946e-06 1 -0.572047
165873 5882355 14 bhmu0d 45.9424 2 1 2.62946e-06 1 -0.432627
165873 6139744 14 bhmu0d 60.3911 2 1 2.62946e-06 1 -0.959437
165906 5039448 11 bhmu0d 32.0436 2 1 2.62946e-06 1 -0.940428
166008 8540250 14 bhmu0d 36.9305 2 1 2.62946e-06 1 -0.920985
166037 2223340 11 bhmu0d 27.8089 2 1 2.62946e-06 1 -0.954098
166529 9013116 11 bhmu0d 104.284 2 1 2.62946e-06 1 -0.79433
166615 5183226 11 bhmu0d 26.6417 2 1 2.62946e-06 1 -0.82507
166655 705466 11 bhmu0d 29.9016 2 1 2.62946e-06 1 0.823527
166655 1414754 11 bhmu0d 45.4144 2 1 2.62946e-06 1 -0.522122
166771 948616 14 bhmu0d 54.849 2 1 2.62946e-06 1 -0.648245
167325 2604744 11 bhmu0d 32.1782 2 1 2.62946e-06 1 -0.825194
177345 9664 11 bhmu0d 27.8099 2 1 2.62946e-06 1 -0.472348
177414 120334 11 bhmu0d 22.4686 2 1 2.62946e-06 1 -0.859027
177416 2502745 11 bhmu0d 33.0929 2 1 2.62946e-06 1 -0.422322
177633 66008 14 bhmu0d 80.7134 2 1 2.62946e-06 1 -0.755502
178164 194362 14 bhmu0d 45.1754 2 1 2.62946e-06 1 -0.74168
178390 3305273 11 bhmu0d 31.9456 2 1 2.62946e-06 1 -0.55293
178738 2996232 11 bhmu0d 21.0414 2 1 2.62946e-06 1 -0.87407
178738 10339986 14 bhmu0d 20.5139 2 1 2.62946e-06 1 -0.756202
178785 13159910 11 bhmu0d 24.4546 2 1 2.62946e-06 1 -0.652712
178862 54190 11 bhmu0d 49.6104 2 1 2.62946e-06 1 -0.0192889
178881 14164650 11 bhmu0d 21.2945 2 1 2.62946e-06 1 -0.957485
179018 789963 11 bhmu0d 33.5951 2 1 2.62946e-06 1 0.755871
179019 207841 11 bhmu0d 21.3325 2 1 2.62946e-06 1 -0.438276
179039 3181694 11 bhmu0d 53.1497 2 1 2.62946e-06 1 -0.245307
179043 3075542 14 bhmu0d 28.6687 2 1 2.62946e-06 1 -0.665734
179055 7636285 14 bhmu0d 33.4542 2 1 2.62946e-06 1 -0.715569
183057 1320801 11 bhmu0d 40.9487 2 1 2.62946e-06 1 -0.372894
183097 6253033 14 bhmu0d 48.5317 2 1 2.62946e-06 1 -0.182732
183097 6852095 14 bhmu0d 75.9801 2 1 2.62946e-06 1 -0.162178
183130 784762 14 bhmu0d 40.723 2 1 2.62946e-06 1 0.643636
183142 559184 14 bhmu0d 49.1116 2 1 2.62946e-06 1 0.89174
183142 2870853 14 bhmu0d 30.9979 2 1 2.62946e-06 1 -0.529721
183491 1409309 11 bhmu0d 21.382 2 1 2.62946e-06 1 -0.848428
183492 992894 11 bhmu0d 60.3716 2 1 2.62946e-06 1 -0.692922
183530 7592342 14 bhmu0d 34.0218 2 1 2.62946e-06 1 -0.95826
183619 1680967 11 bhmu0d 22.9063 2 1 2.62946e-06 1 -0.490967
183696 5829203 11 bhmu0d 73.971 2 1 2.62946e-06 1 -0.694588
183785 2620145 11 bhmu0d 39.0667 2 1 2.62946e-06 1 -0.710046
183965 979560 11 bhmu0d 42.1806 2 1 2.62946e-06 1 -0.341762
184068 3379 11 bhmu0d 25.083 2 1 2.62946e-06 1 0.495403
184291 2820526 11 bhmu0d 38.325 2 1 2.62946e-06 1 -0.54227
184377 4772335 11 bhmu0d 60.5333 2 1 2.62946e-06 1 -0.646851
184377 13093573 11 bhmu0d 43.961 2 1 2.62946e-06 1 -0.0227005
184453 1279758 14 bhmu0d 27.5331 2 1 2.62946e-06 1 -0.800675
184463 1212703 11 bhmu0d 48.4456 2 1 2.62946e-06 1 0.58774
184778 6652761 14 bhmu0d 22.1431 2 1 2.62946e-06 1 0.294678
184778 7758482 11 bhmu0d 60.5134 2 1 2.62946e-06 1 0.451363
184779 282931 11 bhmu0d 24.7033 2 1 2.62946e-06 1 0.231721
185009 6543110 11 bhmu0d 41.688 2 1 2.62946e-06 1 -0.934811
185072 1623971 11 bhmu0d 35.7475 2 1 2.62946e-06 1 -0.392058
185201 7288199 14 bhmu0d 33.015 2 1 2.62946e-06 1 -0.909796
185249 7452122 14 bhmu0d 29.1355 2 1 2.62946e-06 1 0.535249
185332 6781979 11 bhmu0d 75.8046 2 1 2.62946e-06 1 -0.862315
185375 1225184 11 bhmu0d 53.6067 2 1 2.62946e-06 1 0.773469
185377 4119580 14 bhmu0d 33.1365 2 1 2.62946e-06 1 -0.810826
185542 12141362 11 bhmu0d 77.1562 2 1 2.62946e-06 1 0.149177
185542 17811083 11 bhmu0d 27.174 2 1 2.62946e-06 1 -0.768133
185594 2165759 11 bhmu0d 86.0815 2 1 2.62946e-06 1 -0.904091
185634 3531922 11 bhmu0d 31.1268 2 1 2.62946e-06 1 -0.872797
185777 565498 11 bhmu0d 82.3081 2 1 2.62946e-06 1 0.179465
185777 5185795 14 bhmu0d 67.4553 2 1 2.62946e-06 1 -0.160651
185973 541781 11 bhmu0d 22.362 2 1 2.62946e-06 1 -0.27847
186047 472073 11 bhmu0d 35.224 2 1 2.62946e-06 1 0.529007
186145 3573183 14 bhmu0d 27.9418 2 1 2.62946e-06 1 -0.920831
186598 6490594 11 bhmu0d 51.39 2 1 2.62946e-06 1 0.0400793
191430 2284986 11 bhmu0h 54.9923 2 1 2.19258e-06 1 -0.636017
191534 107668 11 bhmu0h 64.0224 2 1 2.19258e-06 1 0.297735
191534 384306 11 bhmu0h 64.8044 2 1 2.19258e-06 1 0.80215
191534 4528058 11 bhmu0h 32.6381 2 1 2.19258e-06 1 0.60217
191638 49952 14 bhmu0h 28.8472 2 1 2.19258e-06 1 -0.383283
191727 5433408 11 bhmu0h 30.2261 2 1 2.19258e-06 1 -0.699759
191783 4240459 14 bhmu0h 112.75 2 1 2.19258e-06 1 -0.82433
192282 111812 11 bhmu0h 25.4081 2 1 2.19258e-06 1 -0.861765
192306 34153 11 bhmu0h 36.7571 2 1 2.19258e-06 1 -0.467518
192345 1641521 11 bhmu0h 94.544 2 1 2.19258e-06 1 -0.84212
193105 3147458 14 bhmu0h 50.7628 2 1 2.19258e-06 1 -0.743336
193105 3862522 11 bhmu0h 54.1384 2 1 2.19258e-06 1 -0.925859
193164 165509 11 bhmu0h 25.2987 2 1 2.19258e-06 1 -0.356023
193242 2512571 11 bhmu0h 78.2945 2 1 2.19258e-06 1 -0.833026
193461 12120 14 bhmu0h 38.5426 2 1 2.19258e-06 1 0.538494
193892 1409348 11 bhmu0h 31.8973 2 1 2.19258e-06 1 -0.980353
194005 132512 14 bhmu0h 56.1054 2 1 2.19258e-06 1 -0.931688
194007 826363 11 bhmu0h 30.7609 2 1 2.19258e-06 1 -0.122236
194147 361784 11 bhmu0h 25.9071 2 1 2.19258e-06 1 0.818587
194379 219706 11 bhmu0h 26.8468 2 1 2.19258e-06 1 -0.201786
194454 293993 11 bhmu0h 91.6431 2 1 2.19258e-06 1 -0.836304
194539 5392607 11 bhmu0h 52.1956 2 1 2.19258e-06 1 -0.871602
194590 5072713 11 bhmu0h 52.6797 2 1 2.19258e-06 1 -0.795299
194900 167431 14 bhmu0h 46.5637 2 1 2.19258e-06 1 -0.729785
195384 899994 11 bhmu0h 26.5356 2 1 2.19258e-06 1 -0.531
195678 4156451 11 bhmu0h 55.5162 2 1 2.19258e-06 1 0.6412
195740 4573883 11 bhmu0h 59.346 2 1 2.19258e-06 1 -0.742613
195740 5282782 11 bhmu0h 26.7946 2 1 2.19258e-06 1 -0.94812
195791 2571193 14 bhmu0h 66.0456 2 1 2.19258e-06 1 -0.699054
195805 8855152 11 bhmu0h 41.797 2 1 2.19258e-06 1 -0.725914
196043 2907747 11 bhmu0h 73.5955 2 1 2.19258e-06 1 0.83856
196085 5535074 11 bhmu0h 134.053 2 1 2.19258e-06 1 -0.910014
196153 353606 14 bhmu0h 34.5682 2 1 2.19258e-06 1 0.43815
196153 555232 14 bhmu0h 65.8977 2 1 2.19258e-06 1 -0.16668
196228 5719413 14 bhmu0h 20.8994 2 1 2.19258e-06 1 0.638598
196231 71936 11 bhmu0h 22.3889 2 1 2.19258e-06 1 -0.134718
196232 1522750 11 bhmu0h 29.9575 2 1 2.19258e-06 1 0.784506
196441 2559991 14 bhmu0h 38.2486 2 1 2.19258e-06 1 0.487728
196473 3339078 11 bhmu0h 44.6826 2 1 2.19258e-06 1 0.0221344
196489 5262418 14 bhmu0h 38.1123 2 1 2.19258e-06 1 -0.964574
196795 1509119 11 bhmu0h 30.8754 2 1 2.19258e-06 1 0.885608
196879 1861449 14 bhmu0h 27.004 2 1 2.19258e-06 1 -0.42363
196901 1751044 14 bhmu0h 44.6019 2 1 2.19258e-06 1 -0.936317
196901 2647097 14 bhmu0h 25.0894 2 1 2.19258e-06 1 -0.103163
196946 10536516 11 bhmu0h 97.3365 2 1 2.19258e-06 1 -0.806707
196946 14296993 14 bhmu0h 69.66 2 1 2.19258e-06 1 -0.367722
196989 3585775 11 bhmu0h 81.6709 2 1 2.19258e-06 1 -0.927449
197287 4035424 11 bhmu0h 41.6712 2 1 2.19258e-06 1 0.0684945
197440 5103064 14 bhmu0h 27.5362 2 1 2.19258e-06 1 -0.360008
197644 4300430 14 bhmu0h 28.0359 2 1 2.19258e-06 1 -0.9419
197716 5346481 11 bhmu0h 32.6933 2 1 2.19258e-06 1 -0.729931
197763 1300607 14 bhmu0h 119.305 2 1 2.19258e-06 1 -0.833379
198116 308247 11 bhmu0h 57.8716 2 1 2.19258e-06 1 -0.712952
198117 965362 11 bhmu0h 86.3903 2 1 2.19258e-06 1 -0.848617
198117 7324505 11 bhmu0h 31.3929 2 1 2.19258e-06 1 -0.816592
198154 7415678 11 bhmu0h 21.5809 2 1 2.19258e-06 1 -0.931948
198623 9225456 14 bhmu0h 33.6667 2 1 2.19258e-06 1 0.0767035
198709 595823 11 bhmu0h 84.3593 2 1 2.19258e-06 1 0.67486
198739 13263973 11 bhmu0h 76.3558 2 1 2.19258e-06 1 0.498176
198843 20326105 14 bhmu0h 42.6074 2 1 2.19258e-06 1 -0.459532
199025 2115203 11 bhmu0h 58.5269 2 1 2.19258e-06 1 -0.85494
199025 19402737 11 bhmu0h 45.7618 2 1 2.19258e-06 1 -0.797218
199143 272732 11 bhmu0h 26.0743 2 1 2.19258e-06 1 -0.916756
199143 374251 11 bhmu0h 27.5905 2 1 2.19258e-06 1 0.916378
199146 4923916 11 bhmu0h 31.534 2 1 2.19258e-06 1 0.317204
199187 5704335 14 bhmu0h 26.785 2 1 2.19258e-06 1 -0.800102
199187 11520101 11 bhmu0h 23.8948 2 1 2.19258e-06 1 -0.12613
199218 6379853 14 bhmu0h 26.8368 2 1 2.19258e-06 1 -0.302967
199218 9154364 14 bhmu0h 105.506 2 1 2.19258e-06 1 -0.893398
199218 9299137 14 bhmu0h 29.7087 2 1 2.19258e-06 1 -0.234585
199620 9938054 11 bhmu0h 20.0472 2 1 2.19258e-06 1 -0.831794
199853 2762878 14 bhmu0h 20.6289 2 1 2.19258e-06 1 0.233609
199983 983151 11 bhmu0h 54.9274 2 1 2.19258e-06 1 0.436463
199983 2112502 11 bhmu0h 41.5688 2 1 2.19258e-06 1 -0.935414
200056 10907881 11 bhmu0h 23.6618 2 1 2.19258e-06 1 0.0793181
200284 4445876 14 bhmu0h 40.9896 2 1 2.19258e-06 1 -0.853143
200309 15693981 11 bhmu0h 44.375 2 1 2.19258e-06 1 0.49021
200659 4851730 14 bhmu0h 29.1831 2 1 2.19258e-06 1 -0.588537
200661 214358 11 bhmu0h 20.8602 2 1 2.19258e-06 1 -0.821864
200719 12152634 11 bhmu0h 26.0873 2 1 2.19258e-06 1 0.258517
200756 9009345 14 bhmu0h 24.7405 2 1 2.19258e-06 1 -0.116247
201133 786934 11 bhmu0h 48.2733 2 1 2.19258e-06 1 0.53521
201133 1287296 11 bhmu0h 39.8735 2 1 2.19258e-06 1 0.133212
201083 2050076 14 bhmu0h 29.8329 2 1 2.19258e-06 1 -0.816775
201132 772898 11 bhmu0h 20.3015 2 1 2.19258e-06 1 0.845578
201133 6632442 14 bhmu0h 61.6212 2 1 2.19258e-06 1 -0.96272
201133 10193125 11 bhmu0h 82.0342 2 1 2.19258e-06 1 -0.777801
202041 8563530 11 bhmu0h 80.7561 2 1 2.19258e-06 1 -0.766003
202081 87289 11 bhmu0h 35.5703 2 1 2.19258e-06 1 0.425415
202136 754357 11 bhmu0h 57.4376 2 1 2.19258e-06 1 -0.635778
202336 1567068 11 bhmu0h 28.9438 2 1 2.19258e-06 1 0.646408
202399 1026122 14 bhmu0h 57.1824 2 1 2.19258e-06 1 0.451918
202526 2832558 14 bhmu0h 92.2697 2 1 2.19258e-06 1 -0.774262
202739 5022924 11 bhmu0h 29.1781 2 1 2.19258e-06 1 -0.533873
202771 5471647 11 bhmu0h 63.2396 2 1 2.19258e-06 1 0.333775
203055 493712 11 bhmu0h 50.9889 2 1 2.19258e-06 1 -0.838439
203091 1437119 11 bhmu0h 39.0425 2 1 2.19258e-06 1 -0.769126
203141 582673 14 bhmu0h 51.408 2 1 2.19258e-06 1 -0.965308
203195 4332355 11 bhmu0h 30.5609 2 1 2.19258e-06 1 -0.943732
203265 12624305 11 bhmu0h 35.9439 2 1 2.19258e-06 1 -0.6185
203383 1841628 11 bhmu0h 23.0435 2 1 2.19258e-06 1 -0.324372
203439 2364001 14 bhmu0h 40.9358 2 1 2.19258e-06 1 -0.201005
203443 244881 11 bhmu0h 99.1331 2 1 2.19258e-06 1 -0.974579
203764 1209862 14 bhmu0h 25.7971 2 1 2.19258e-06 1 -0.293708
203764 1950387 11 bhmu0h 34.4322 2 1 2.19258e-06 1 0.0960139
203819 3419066 14 bhmu0i 33.576 2 1 3.11159e-06 1 -0.913462
203881 3684310 14 bhmu0i 54.394 2 1 3.11159e-06 1 0.596494
204111 248236 11 bhmu0i 66.4904 2 1 3.11159e-06 1 -0.780292
204339 43109 11 bhmu0i 23.2464 2 1 3.11159e-06 1 -0.568077
204471 14331 11 bhmu0i 66.8002 2 1 3.11159e-06 1 -0.836629
204478 864038 11 bhmu0i 28.9561 2 1 3.11159e-06 1 -0.530866
204479 502965 11 bhmu0i 104.685 2 1 3.11159e-06 1 -0.928597
204550 2393522 11 bhmu0i 37.5386 2 1 3.11159e-06 1 0.6585
204550 7340098 11 bhmu0i 41.2553 2 1 3.11159e-06 1 0.904382
204576 2205209 11 bhmu0i 30.4876 2 1 3.11159e-06 1 -0.00327043
204750 1287324 11 bhmu0i 49.063 2 1 3.11159e-06 1 -0.925573
205009 1208687 11 bhmu0i 33.4024 2 1 3.11159e-06 1 -0.801763
205070 2361682 11 bhmu0i 32.3152 2 1 3.11159e-06 1 -0.508173
205153 936808 14 bhmu0i 23.8175 2 1 3.11159e-06 1 0.593174
205628 4801114 11 bhmu0i 76.2445 2 1 3.11159e-06 1 -0.29213
205891 5515631 11 bhmu0i 43.7007 2 1 3.11159e-06 1 -0.242714
205966 8225669 11 bhmu0i 37.4384 2 1 3.11159e-06 1 -0.820429
205966 9900339 11 bhmu0i 76.7183 2 1 3.11159e-06 1 -0.466393
205966 16011070 11 bhmu0i 44.8221 2 1 3.11159e-06 1 0.011825
205966 17424843 11 bhmu0i 168.684 2 1 3.11159e-06 1 -0.983369
205990 1346436 14 bhmu0i 31.7895 2 1 3.11159e-06 1 -0.586523
206033 3300092 14 bhmu0i 29.8382 2 1 3.11159e-06 1 -0.211312
206186 13760189 11 bhmu0i 54.0275 2 1 3.11159e-06 1 -0.904582
206257 1346040 11 bhmu0i 35.3584 2 1 3.11159e-06 1 -0.406862
206259 1045183 11 bhmu0i 47.5224 2 1 3.11159e-06 1 0.0347984
206282 3294678 11 bhmu0i 28.7249 2 1 3.11159e-06 1 0.943043
206326 1793123 11 bhmu0i 60.5031 2 1 3.11159e-06 1 0.722247
206326 9387426 11 bhmu0i 67.7817 2 1 3.11159e-06 1 -0.0296795
206537 8923740 11 bhmu0i 58.6348 2 1 3.11159e-06 1 -0.0319571
206537 24330234 11 bhmu0i 43.0576 2 1 3.11159e-06 1 0.732728
206697 359088 14 bhmu0i 22.505 2 1 3.11159e-06 1 -0.203251
206951 2291133 11 bhmu0i 38.835 2 1 3.11159e-06 1 0.0659858
206989 1015487 11 bhmu0i 44.0601 2 1 3.11159e-06 1 -0.0824022
206989 3263039 11 bhmu0i 28.1773 2 1 3.11159e-06 1 -0.645853
207115 13799693 11 bhmu0i 26.697 2 1 3.11159e-06 1 -0.682451
207513 24186 11 bhmu0i 38.4496 2 1 3.11159e-06 1 0.224516
207513 1606348 11 bhmu0i 53.2855 2 1 3.11159e-06 1 -0.814714
209021 2541192 14 bhmu0i 30.6541 2 1 3.11159e-06 1 0.466395
209149 761921 14 bhmu0i 40.8808 2 1 3.11159e-06 1 -0.880259
209155 36815 11 bhmu0i 90.3273 2 1 3.11159e-06 1 -0.569817
209316 6241365 14 bhmu0i 41.9059 2 1 3.11159e-06 1 -0.557314
209341 4492887 14 bhmu0i 50.6527 2 1 3.11159e-06 1 -0.537063
209402 4324344 11 bhmu0i 21.5522 2 1 3.11159e-06 1 0.359358
209437 4878249 11 bhmu0i 27.8528 2 1 3.11159e-06 1 -0.781907
209437 6026467 14 bhmu0i 59.4264 2 1 3.11159e-06 1 0.628866
209489 1765880 11 bhmu0i 36.8451 2 1 3.11159e-06 1 -0.479074
209531 601628 11 bhmu0i 44.0408 2 1 3.11159e-06 1 -0.614168
209537 5628363 11 bhmu0i 63.8257 2 1 3.11159e-06 1 -0.659998
209537 13749569 11 bhmu0i 76.7089 2 1 3.11159e-06 1 -0.896871
209762 5188878 14 bhmu0i 37.3779 2 1 3.11159e-06 1 -0.903862
209773 1370709 11 bhmu0i 82.4236 2 1 3.11159e-06 1 -0.420314
209819 4077373 11 bhmu0i 56.3631 2 1 3.11159e-06 1 0.907812
209920 5320720 14 bhmu0i 65.9168 2 1 3.11159e-06 1 0.374677
209986 7653803 11 bhmu0i 64.1263 2 1 3.11159e-06 1 0.453526
209986 22432210 11 bhmu0i 83.6137 2 1 3.11159e-06 1 -0.813658
211315 217071 11 bhmu0i 58.9804 2 1 3.11159e-06 1 0.811212
211198 1391151 11 bhmu0i 28.3219 2 1 3.11159e-06 1 -0.89761
211265 5950515 14 bhmu0i 71.2198 2 1 3.11159e-06 1 -0.954558
211337 18265165 14 bhmu0i 24.1055 2 1 3.11159e-06 1 0.011371
211337 18369411 11 bhmu0i 33.3795 2 1 3.11159e-06 1 0.09741
211441 366744 14 bhmu0i 34.4097 2 1 3.11159e-06 1 0.507862
211903 1206395 11 bhmu0i 32.5538 2 1 3.11159e-06 1 -0.771375
219964 2157377 11 bhmumi 299.726 2 1 4.75706e-06 1 -0.982584
220183 472147 14 bhmumi 48.0554 2 1 4.75706e-06 1 -0.178283
220183 1235079 11 bhmumi 109.929 2 1 4.75706e-06 1 -0.641875
220247 7548302 14 bhmumi 32.0998 2 1 4.75706e-06 1 -0.69173
220256 1737736 14 bhmumi 63.5147 2 1 4.75706e-06 1 0.76404
220272 9165819 11 bhmumi 54.7538 2 1 4.75706e-06 1 0.0267851
220578 1432899 14 bhmumi 23.6645 2 1 4.75706e-06 1 -0.34671
220589 10220908 14 bhmumi 24.2239 2 1 4.75706e-06 1 -0.452715
219091 805794 14 bhmumi 27.2711 2 1 4.75706e-06 1 -0.868641
219108 539150 11 bhmumi 38.4118 2 1 4.75706e-06 1 -0.216868
219386 686212 11 bhmumi 25.1109 2 1 4.75706e-06 1 0.729602
219385 9448516 11 bhmumi 28.4408 2 1 4.75706e-06 1 0.192848
219385 9705857 11 bhmumi 34.6095 2 1 4.75706e-06 1 0.636484
220072 7923872 14 bhmumi 45.9416 2 1 4.75706e-06 1 0.0496293
221604 150675 11 bhmumi 21.7829 2 1 4.75706e-06 1 -0.843847
221904 1475305 11 bhmumi 56.2013 2 1 4.75706e-06 1 -0.495707
221604 8189138 14 bhmumi 57.7947 2 1 4.75706e-06 1 -0.352482
221723 1589952 11 bhmumi 51.2062 2 1 4.75706e-06 1 -0.532191
222417 1246845 14 bhmumi 68.2707 2 1 4.75706e-06 1 -0.581271
218653 4163008 11 bhmumi 51.9853 2 1 4.75706e-06 1 -0.557368
219471 15750348 11 bhmumi 65.3696 2 1 4.75706e-06 1 -0.957262
219519 74476 11 bhmumi 27.2327 2 1 4.75706e-06 1 -0.000512682
221723 3841249 11 bhmumi 35.3519 2 1 4.75706e-06 1 -0.661115
221723 23458273 14 bhmumi 63.3649 2 1 4.75706e-06 1 0.24493
221723 9454345 14 bhmumi 23.3959 2 1 4.75706e-06 1 -0.640298
221723 13305755 11 bhmumi 56.1882 2 1 4.75706e-06 1 -0.351348
221804 2676637 14 bhmumi 29.3654 2 1 4.75706e-06 1 -0.116232
221804 18692440 11 bhmumi 24.0602 2 1 4.75706e-06 1 0.491674
222271 4307366 11 bhmumi 26.1397 2 1 4.75706e-06 1 -0.768582
222271 6935953 11 bhmumi 40.9054 2 1 4.75706e-06 1 0.251881
222322 404770 14 bhmumi 28.2468 2 1 4.75706e-06 1 -0.895057
218692 305924 11 bhmumi 22.256 2 1 4.75706e-06 1 -0.826343
219268 1579862 11 bhmumi 49.476 2 1 4.75706e-06 1 0.770932
219475 303744 11 bhmumi 20.8678 2 1 4.75706e-06 1 -0.818662
219528 3012682 11 bhmumi 40.899 2 1 4.75706e-06 1 -0.517642
221464 34901266 11 bhmumi 35.2569 2 1 4.75706e-06 1 -0.621794
221464 15964373 11 bhmumi 87.3755 2 1 4.75706e-06 1 0.118979
221464 29110831 11 bhmumi 35.2206 2 1 4.75706e-06 1 0.56819
221464 20178701 14 bhmumi 24.8067 2 1 4.75706e-06 1 -0.763662
221464 14260033 11 bhmumi 40.0659 2 1 4.75706e-06 1 -0.956057
221605 7842964 11 bhmumi 42.543 2 1 4.75706e-06 1 0.0223782
221723 2016701 11 bhmumi 47.0358 2 1 4.75706e-06 1 0.160549
221827 20084692 11 bhmumi 27.0544 2 1 4.75706e-06 1 0.0953814
222354 3545640 11 bhmumi 49.8792 2 1 4.75706e-06 1 -0.0959306
224126 4377246 11 bhmumi2 23.1925 2 1 5.07838e-06 1 0.0285293
224161 5584846 11 bhmumi2 59.3161 2 1 5.07838e-06 1 -0.752002
224161 8175932 11 bhmumi2 39.4003 2 1 5.07838e-06 1 -0.0655196
224366 8410127 11 bhmumi2 33.2026 2 1 5.07838e-06 1 -0.919397
224366 15684981 11 bhmumi2 34.3524 2 1 5.07838e-06 1 -0.86196
224445 9873481 14 bhmumi2 70.4451 2 1 5.07838e-06 1 -0.432529
224521 2525919 11 bhmumi2 45.2029 2 1 5.07838e-06 1 0.165502
224521 3500360 11 bhmumi2 44.6932 2 1 5.07838e-06 1 0.354022
228400 8374757 14 bhmumi2 45.1637 2 1 5.07838e-06 1 -0.858817
228400 10882294 11 bhmumi2 30.4459 2 1 5.07838e-06 1 -0.813472
228536 6546295 11 bhmumi2 31.5798 2 1 5.07838e-06 1 -0.904394
228536 16182038 14 bhmumi2 72.0478 2 1 5.07838e-06 1 -0.406958
228575 4543215 11 bhmumi2 84.1929 2 1 5.07838e-06 1 -0.446197
222655 7172086 11 bhmumi2 26.9619 2 1 5.07838e-06 1 -0.843674
223119 5928937 14 bhmumi2 31.8568 2 1 5.07838e-06 1 -0.138317
227554 10976163 14 bhmumi2 48.7016 2 1 5.07838e-06 1 -0.097231
227708 904782 11 bhmumi2 28.4196 2 1 5.07838e-06 1 0.73508
227747 14915568 11 bhmumi2 54.2306 2 1 5.07838e-06 1 0.888632
227747 20336411 11 bhmumi2 40.9466 2 1 5.07838e-06 1 -0.257023
227782 3302300 11 bhmumi2 39.5634 2 1 5.07838e-06 1 -0.561551
223158 21483702 11 bhmumi2 30.3537 2 1 5.07838e-06 1 -0.895915
223309 7439068 14 bhmumi2 93.2618 2 1 5.07838e-06 1 -0.968299
223309 8741449 11 bhmumi2 71.5794 2 1 5.07838e-06 1 -0.376877
226365 17640700 14 bhmumi2 99.0088 2 1 5.07838e-06 1 -0.400729
227708 4432677 14 bhmumi2 36.6182 2 1 5.07838e-06 1 -0.83292
222532 3255053 11 bhmumi2 47.6236 2 1 5.07838e-06 1 -0.864842
222532 7464086 11 bhmumi2 47.7443 2 1 5.07838e-06 1 -0.867009
222530 11449811 11 bhmumi2 57.4076 2 1 5.07838e-06 1 -0.799546
222722 568898 11 bhmumi2 55.8938 2 1 5.07838e-06 1 -0.670718
222552 21483220 11 bhmumi2 61.9979 2 1 5.07838e-06 1 0.000868644
222652 3739969 14 bhmumi2 105.997 2 1 5.07838e-06 1 -0.587775
222576 2399542 11 bhmumi2 21.5764 2 1 5.07838e-06 1 -0.626666
222576 17649735 11 bhmumi2 36.8645 2 1 5.07838e-06 1 -0.924651
222835 8883972 11 bhmumi2 87.5065 2 1 5.07838e-06 1 -0.859299
222835 9423737 14 bhmumi2 38.1623 2 1 5.07838e-06 1 0.127367
222841 15112518 11 bhmumi2 55.7874 2 1 5.07838e-06 1 -0.359553
223120 3662211 11 bhmumi2 44.4214 2 1 5.07838e-06 1 0.563726
223498 4559273 14 bhmumi2 30.9191 2 1 5.07838e-06 1 -0.913498
223494 10385913 11 bhmumi2 42.4406 2 1 5.07838e-06 1 -0.834406
223536 31538515 14 bhmumi2 127.11 2 1 5.07838e-06 1 -0.761141
223536 941768 14 bhmumi2 61.6071 2 1 5.07838e-06 1 -0.589466
223642 98404 14 bhmumi2 21.2134 2 1 5.07838e-06 1 -0.881089
226196 8459870 11 bhmumi2 26.9475 2 1 5.07838e-06 1 -0.785772
226246 1158556 11 bhmumi2 39.0995 2 1 5.07838e-06 1 -0.226255
226252 114183 14 bhmumi2 57.4541 2 1 5.07838e-06 1 -0.0365011
226407 7197374 14 bhmumi2 56.1737 2 1 5.07838e-06 1 -0.855378
227711 2133706 14 bhmumi2 36.1832 2 1 5.07838e-06 1 -0.666214
231334 10630546 14 bhmumi3 41.4157 2 1 3.21357e-06 1 -0.568132
232286 24754265 14 bhmumi3 32.0783 2 1 3.21357e-06 1 -0.91535
228683 11310180 14 bhmumi3 21.7694 2 1 3.21357e-06 1 0.563476
228734 27255 11 bhmumi3 84.5083 2 1 3.21357e-06 1 -0.0416046
231155 2417591 11 bhmumi3 47.7707 2 1 3.21357e-06 1 -0.00945144
231201 7784633 11 bhmumi3 24.6804 2 1 3.21357e-06 1 0.903995
231298 5120992 14 bhmumi3 52.9541 2 1 3.21357e-06 1 0.816152
231334 1191651 11 bhmumi3 53.6416 2 1 3.21357e-06 1 -0.718374
231452 10769245 11 bhmumi3 45.2832 2 1 3.21357e-06 1 0.928322
231907 5102230 11 bhmumi3 43.655 2 1 3.21357e-06 1 -0.827207
232286 1588206 14 bhmumi3 24.7378 2 1 3.21357e-06 1 -0.743619
229934 1046081 11 bhmumi3 35.3133 2 1 3.21357e-06 1 -0.824438
229936 4412760 14 bhmumi3 30.5281 2 1 3.21357e-06 1 0.968628
230486 2103442 11 bhmumi3 41.0235 2 1 3.21357e-06 1 -0.394506
230560 1344181 14 bhmumi3 63.4704 2 1 3.21357e-06 1 -0.683374
228763 2406910 14 bhmumi3 41.0863 2 1 3.21357e-06 1 -0.290989
229084 22880903 11 bhmumi3 40.4905 2 1 3.21357e-06 1 -0.916446
229084 24356342 14 bhmumi3 56.1354 2 1 3.21357e-06 1 -0.727981
229672 1202470 11 bhmumi3 126.324 2 1 3.21357e-06 1 -0.909862
232087 466813 11 bhmumi3 27.0922 2 1 3.21357e-06 1 -0.838111
233031 2248647 11 bhmumi3 21.0162 2 1 3.21357e-06 1 -0.0182228
229936 10639700 14 bhmumi3 60.9108 2 1 3.21357e-06 1 -0.364294
232812 6857236 14 bhmumi3 55.3286 2 1 3.21357e-06 1 0.143382
229389 1558148 14 bhmumi3 21.2247 2 1 3.21357e-06 1 0.628586
229789 935508 14 bhmumi3 23.0592 2 1 3.21357e-06 1 -0.83573
229877 387922 11 bhmumi3 33.3511 2 1 3.21357e-06 1 -0.071721
230565 1693360 14 bhmumi3 33.246 2 1 3.21357e-06 1 -0.774581
231022 18455256 14 bhmumi3 77.2834 2 1 3.21357e-06 1 -0.508131
231022 19598267 11 bhmumi3 26.3724 2 1 3.21357e-06 1 -0.308948
231453 15061847 14 bhmumi3 39.5517 2 1 3.21357e-06 1 -0.356546
231907 2678423 14 bhmumi3 36.7724 2 1 3.21357e-06 1 -0.460619
232062 9001740 11 bhmumi3 23.1042 2 1 3.21357e-06 1 -0.671925
232496 5233767 11 bhmumi3 48.6588 2 1 3.21357e-06 1 -0.251066
229451 1422945 14 bhmumi3 44.1115 2 1 3.21357e-06 1 -0.501716
229490 10393219 11 bhmumi3 41.9724 2 1 3.21357e-06 1 -0.816415
233070 7785049 14 bhmumi3 30.9719 2 1 3.21357e-06 1 -0.466457
229332 1397979 14 bhmumi3 33.1675 2 1 3.21357e-06 1 -0.348591
230621 729847 14 bhmumi3 32.4395 2 1 3.21357e-06 1 0.23556
232028 9222538 11 bhmumi3 39.2822 2 1 3.21357e-06 1 -0.941345
232226 3782305 11 bhmumi3 30.8665 2 1 3.21357e-06 1 -0.943555
232812 13557876 11 bhmumi3 48.8943 2 1 3.21357e-06 1 0.671956
228902 9399207 14 bhmumi3 20.1252 2 1 3.21357e-06 1 -0.380486
229448 6099795 11 bhmumi3 25.3297 2 1 3.21357e-06 1 -0.919062
229534 1007221 14 bhmumi3 26.0316 2 1 3.21357e-06 1 0.151207
229448 12152032 14 bhmumi3 48.0596 2 1 3.21357e-06 1 -0.16427
231929 8694788 14 bhmumi3 38.8407 2 1 3.21357e-06 1 -0.774706
232444 407990 11 bhmumi3 79.8329 2 1 3.21357e-06 1 0.0853495
231294 17608884 11 bhmumi3 25.938 2 1 3.21357e-06 1 0.300959
232062 17118889 14 bhmumi3 30.1582 2 1 3.21357e-06 1 0.149714
232264 140175 14 bhmumi3 37.5281 2 1 3.21357e-06 1 -0.907622
232496 7932453 11 bhmumi3 32.7343 2 1 3.21357e-06 1 -0.921791
237795 2400487 14 bhmumj 28.9569 2 1 3.31369e-06 1 -0.412169
237795 16406265 14 bhmumj 33.2984 2 1 3.31369e-06 1 -0.92263
237705 2459261 14 bhmumj 31.5963 2 1 3.31369e-06 1 -0.63816
237705 1397335 11 bhmumj 58.9349 2 1 3.31369e-06 1 -0.178375
236168 12325703 14 bhmumj 63.5774 2 1 3.31369e-06 1 -0.921397
236040 17195620 14 bhmumj 42.0932 2 1 3.31369e-06 1 -0.913329
236503 4514612 11 bhmumj 20.4474 2 1 3.31369e-06 1 -0.0180799
236653 23580675 11 bhmumj 32.0032 2 1 3.31369e-06 1 -0.453702
236580 1143352 11 bhmumj 42.8788 2 1 3.31369e-06 1 0.1218
236585 220124 11 bhmumj 26.112 2 1 3.31369e-06 1 -0.869536
236585 1432611 14 bhmumj 38.2266 2 1 3.31369e-06 1 0.236994
236585 2867725 14 bhmumj 76.8224 2 1 3.31369e-06 1 -0.525199
236585 9176206 14 bhmumj 21.8811 2 1 3.31369e-06 1 -0.92903
236585 9544381 11 bhmumj 45.9828 2 1 3.31369e-06 1 -0.610121
236753 13095162 14 bhmumj 42.1792 2 1 3.31369e-06 1 0.798959
236780 12705228 11 bhmumj 29.8165 2 1 3.31369e-06 1 -0.847695
236781 3939037 11 bhmumj 47.4102 2 1 3.31369e-06 1 -0.661285
236893 2641007 14 bhmumj 35.5792 2 1 3.31369e-06 1 -0.942208
236806 19980866 11 bhmumj 22.159 2 1 3.31369e-06 1 -0.630933
237105 385277 11 bhmumj 32.9084 2 1 3.31369e-06 1 0.525209
237226 1050086 14 bhmumj 43.6727 2 1 3.31369e-06 1 -0.777119
237227 15919933 11 bhmumj 59.2737 2 1 3.31369e-06 1 -0.901223
237227 30692655 11 bhmumj 48.427 2 1 3.31369e-06 1 -0.651433
237335 1601366 11 bhmumj 64.135 2 1 3.31369e-06 1 -0.199699
237335 20769298 11 bhmumj 36.0003 2 1 3.31369e-06 1 -0.84409
237335 23966872 11 bhmumj 43.0479 2 1 3.31369e-06 1 -0.392719
237335 18040372 11 bhmumj 69.0237 2 1 3.31369e-06 1 -0.493383
237346 24130591 11 bhmumj 37.6419 2 1 3.31369e-06 1 -0.341544
237478 23811589 14 bhmumj 36.3417 2 1 3.31369e-06 1 -0.758194
237478 22680216 11 bhmumj 25.3282 2 1 3.31369e-06 1 0.083709
233743 1591102 11 bhmumj 28.7479 2 1 3.31369e-06 1 -0.72404
234265 4393991 14 bhmumj 26.974 2 1 3.31369e-06 1 0.138924
233650 6760189 11 bhmumj 41.3618 2 1 3.31369e-06 1 0.450296
233656 3504864 14 bhmumj 66.0102 2 1 3.31369e-06 1 0.337289
233743 5293030 11 bhmumj 27.5806 2 1 3.31369e-06 1 -0.370061
234663 2483209 14 bhmumj 21.9693 2 1 3.31369e-06 1 -0.342362
234398 8618506 11 bhmumj 52.8801 2 1 3.31369e-06 1 -0.424969
234317 4307269 11 bhmumj 31.1385 2 1 3.31369e-06 1 0.152411
234481 26928234 11 bhmumj 21.4649 2 1 3.31369e-06 1 0.914629
234413 1227856 14 bhmumj 31.6193 2 1 3.31369e-06 1 -0.130985
234571 5700712 11 bhmumj 24.3215 2 1 3.31369e-06 1 -0.105737
234754 3511291 14 bhmumj 35.4078 2 1 3.31369e-06 1 -0.783159
234864 18078265 11 bhmumj 36.4198 2 1 3.31369e-06 1 -0.595672
234572 641903 11 bhmumj 43.1175 2 1 3.31369e-06 1 0.233969
234875 848603 11 bhmumj 27.7815 2 1 3.31369e-06 1 -0.921974
233798 3000597 11 bhmumj 29.9097 2 1 3.31369e-06 1 -0.909023
233929 758048 11 bhmumj 20.474 2 1 3.31369e-06 1 -0.677611
235056 17613036 14 bhmumj 38.6272 2 1 3.31369e-06 1 -0.876126
235163 50323 11 bhmumj 30.7737 2 1 3.31369e-06 1 -0.3547
235389 14183922 11 bhmumj 100.465 2 1 3.31369e-06 1 -0.433646
235158 2917529 14 bhmumj 44.2321 2 1 3.31369e-06 1 0.141991
235780 1969983 11 bhmumj 23.0206 2 1 3.31369e-06 1 -0.866744
235780 22938066 11 bhmumj 24.7519 2 1 3.31369e-06 1 -0.745609
236040 2009084 11 bhmumj 25.3742 2 1 3.31369e-06 1 -0.916689
236040 2052469 14 bhmumj 26.5167 2 1 3.31369e-06 1 -0.667668
236023 1323418 11 bhmumj 20.8068 2 1 3.31369e-06 1 -0.25677
235924 6154806 11 bhmumj 37.646 2 1 3.31369e-06 1 -0.677304
235924 27250569 14 bhmumj 33.1338 2 1 3.31369e-06 1 -0.950197
238817 2898076 14 bhmumj_p12 29.9328 2 1 4.93783e-06 1 0.784351
238817 9040706 11 bhmumj_p12 74.176 2 1 4.93783e-06 1 -0.635181
239552 1188590 11 bhmumj_p12 96.4788 2 1 4.93783e-06 1 -0.591377
240115 6563317 11 bhmumj_p12 59.2476 2 1 4.93783e-06 1 -0.903816
240115 4559918 14 bhmumj_p12 41.6238 2 1 4.93783e-06 1 -0.784436
237850 10059523 11 bhmumj_p12 29.1849 2 1 4.93783e-06 1 -0.512643
237850 6692293 11 bhmumj_p12 82.2889 2 1 4.93783e-06 1 -0.781693
238234 1681976 11 bhmumj_p12 55.4183 2 1 4.93783e-06 1 0.0924202
238240 1011349 11 bhmumj_p12 33.9731 2 1 4.93783e-06 1 -0.573465
238493 22717397 14 bhmumj_p12 57.1896 2 1 4.93783e-06 1 0.216101
238920 1559051 11 bhmumj_p12 45.2416 2 1 4.93783e-06 1 -0.524675
239252 209697 11 bhmumj_p12 34.1746 2 1 4.93783e-06 1 -0.507446
239451 6189536 11 bhmumj_p12 65.2033 2 1 4.93783e-06 1 -0.286987
239451 11691643 14 bhmumj_p12 64.7432 2 1 4.93783e-06 1 -0.691648
239504 102758 11 bhmumj_p12 30.6272 2 1 4.93783e-06 1 -0.698638
240037 2377506 11 bhmumj_p12 50.8166 2 1 4.93783e-06 1 -0.685657
237981 8250289 14 bhmumj_p12 36.8242 2 1 4.93783e-06 1 -0.876848
238452 3432942 11 bhmumj_p12 35.0377 2 1 4.93783e-06 1 -0.887928
239207 5294443 11 bhmumj_p12 80.7109 2 1 4.93783e-06 1 -0.982638
239641 11298812 14 bhmumj_p12 42.7991 2 1 4.93783e-06 1 -0.0760586
240393 3620238 11 bhmumj_p12 72.1373 2 1 4.93783e-06 1 -0.424413
240393 7855632 14 bhmumj_p12 38.0395 2 1 4.93783e-06 1 -0.277498
240445 6068920 11 bhmumj_p12 65.0398 2 1 4.93783e-06 1 -0.143863
240445 17221458 11 bhmumj_p12 54.3749 2 1 4.93783e-06 1 -0.587141
240445 21524289 14 bhmumj_p12 79.033 2 1 4.93783e-06 1 0.735861
240468 10841808 14 bhmumj_p12 49.0378 2 1 4.93783e-06 1 -0.701267
240652 21374035 14 bhmumj_p12 39.6113 2 1 4.93783e-06 1 -0.657022
240652 23779546 14 bhmumj_p12 28.671 2 1 4.93783e-06 1 0.567228
240652 15278038 11 bhmumj_p12 43.4266 2 1 4.93783e-06 1 -0.404399
240673 2364791 14 bhmumj_p12 45.7421 2 1 4.93783e-06 1 -0.245994
240673 4971328 14 bhmumj_p12 39.1632 2 1 4.93783e-06 1 0.719321
240801 4180675 11 bhmumj_p12 128.454 2 1 4.93783e-06 1 -0.849638
240836 4177105 14 bhmumj_p12 73.8612 2 1 4.93783e-06 1 -0.568241
240872 5571200 11 bhmumj_p12 53.8085 2 1 4.93783e-06 1 -0.604671
240871 16294006 11 bhmumj_p12 35.2023 2 1 4.93783e-06 1 -0.642858
240893 2317621 11 bhmumj_p12 31.2605 2 1 4.93783e-06 1 0.911869
241051 160664 11 bhmumj_p12 25.1009 2 1 4.93783e-06 1 -0.18854
241181 2973802 14 bhmumj_p12 35.6013 2 1 4.93783e-06 1 0.0801887
241181 17408857 11 bhmumj_p12 33.7209 2 1 4.93783e-06 1 -0.355751
241511 8476983 14 bhmumj_p12 33.1679 2 1 4.93783e-06 1 0.0696593
242764 5356035 11 bhmumj_p13 82.2045 2 1 2.98776e-06 1 -0.920868
243163 2427104 14 bhmumj_p13 57.2955 2 1 2.98776e-06 1 0.604782
243352 9773751 11 bhmumj_p13 51.7122 2 1 2.98776e-06 1 -0.347121
243521 5810249 14 bhmumj_p13 30.4946 2 1 2.98776e-06 1 -0.105047
242291 13357390 11 bhmumj_p13 51.8701 2 1 2.98776e-06 1 -0.438068
242587 456333 14 bhmumj_p13 56.8522 2 1 2.98776e-06 1 -0.791705
242762 2232923 14 bhmumj_p13 58.4885 2 1 2.98776e-06 1 -0.860103
242791 18445887 11 bhmumj_p13 74.5566 2 1 2.98776e-06 1 -0.183692
242791 20716700 11 bhmumj_p13 95.0799 2 1 2.98776e-06 1 -0.93656
242791 39012652 11 bhmumj_p13 59.873 2 1 2.98776e-06 1 -0.519859
243842 7746044 11 bhmumj_p13 58.8876 2 1 2.98776e-06 1 -0.718142
245102 10480131 11 bhmumj_p13 62.5423 2 1 2.98776e-06 1 -0.800717
245021 1766488 14 bhmumj_p13 42.9703 2 1 2.98776e-06 1 0.387774
245865 10022812 11 bhmumj_p13 37.6642 2 1 2.98776e-06 1 -0.134749
245785 715420 11 bhmumj_p13 123.689 2 1 2.98776e-06 1 -0.935318
242031 24092 11 bhmumj_p13 48.0128 2 1 2.98776e-06 1 -0.182317
242762 4879375 14 bhmumj_p13 29.2573 2 1 2.98776e-06 1 -0.750392
243655 2581176 11 bhmumj_p13 29.6137 2 1 2.98776e-06 1 -0.422625
245639 13263127 14 bhmumj_p13 33.6141 2 1 2.98776e-06 1 0.261727
245057 1265056 14 bhmumj_p13 27.6269 2 1 2.98776e-06 1 -0.703647
245057 1321360 14 bhmumj_p13 29.3491 2 1 2.98776e-06 1 -0.213308
243149 7574402 11 bhmumj_p13 31.418 2 1 2.98776e-06 1 -0.422038
243237 3673921 11 bhmumj_p13 49.3035 2 1 2.98776e-06 1 -0.899956
244007 1267856 14 bhmumj_p13 20.2646 2 1 2.98776e-06 1 -0.876077
244966 2222855 11 bhmumj_p13 89.5707 2 1 2.98776e-06 1 0.028664
244966 11600853 11 bhmumj_p13 70.616 2 1 2.98776e-06 1 -0.941471
244720 4776003 11 bhmumj_p13 44.0863 2 1 2.98776e-06 1 0.832182
244676 15807274 11 bhmumj_p13 52.3569 2 1 2.98776e-06 1 -0.750525
244696 26763923 14 bhmumj_p13 32.8476 2 1 2.98776e-06 1 -0.947295
242381 852612 11 bhmumj_p13 39.2065 2 1 2.98776e-06 1 -0.658956
242646 3660346 11 bhmumj_p13 30.9792 2 1 2.98776e-06 1 -0.415203
243254 4216157 11 bhmumj_p13 62.7568 2 1 2.98776e-06 1 -0.579324
243919 22838998 11 bhmumj_p13 116.223 2 1 2.98776e-06 1 -0.766276
245280 12304625 11 bhmumj_p13 72.2603 2 1 2.98776e-06 1 -0.813723
244674 754682 11 bhmumj_p13 27.4165 2 1 2.98776e-06 1 -0.353401
245369 5369925 14 bhmumj_p13 34.1092 2 1 2.98776e-06 1 -0.674522
242791 2022251 11 bhmumj_p13 81.4534 2 1 2.98776e-06 1 -0.768823
243252 6768602 11 bhmumj_p13 67.9457 2 1 2.98776e-06 1 -0.879238
243744 750859 14 bhmumj_p13 48.0504 2 1 2.98776e-06 1 -0.755273
243997 14419510 14 bhmumj_p13 72.19 2 1 2.98776e-06 1 -0.894965
242291 6263659 11 bhmumj_p13 55.0682 2 1 2.98776e-06 1 -0.104565
242877 13389802 14 bhmumj_p13 46.8007 2 1 2.98776e-06 1 -0.333295
242860 526180 11 bhmumj_p13 36.0712 2 1 2.98776e-06 1 -0.312184
243521 11574482 14 bhmumj_p13 55.6166 2 1 2.98776e-06 1 0.508845
244485 1833233 11 bhmumj_p13 55.7784 2 1 2.98776e-06 1 0.0598506
245448 9050773 11 bhmumj_p13 165.454 2 1 2.98776e-06 1 -0.929163
245712 557058 14 bhmumj_p13 41.45 2 1 2.98776e-06 1 -0.424153
246133 3994705 11 bhmumj_p13 63.6327 2 1 2.98776e-06 1 -0.0336156
246229 3443037 11 bhmumj_p13 47.0928 2 1 2.98776e-06 1 -0.38695
141984 1005786 2 bpel0d 66.2404 2 1 3.59923e-06 1 -0.696503
160659 1790232 2 bpel0d 31.8767 2 1 3.59923e-06 1 0.151801
162423 3772246 2 bpel0d 54.9598 2 1 3.59923e-06 1 -0.224664
162664 1144796 2 bpel0d 38.2224 2 1 3.59923e-06 1 -0.103866
163064 7371591 2 bpel0d 41.8533 2 1 3.59923e-06 1 -0.848608
163462 40023 2 bpel0d 37.56 2 1 3.59923e-06 1 -0.934744
165412 1637060 2 bpel0d 77.725 2 1 3.59923e-06 1 0.215927
165839 641396 2 bpel0d 36.6384 2 1 3.59923e-06 1 -0.613042
165906 5803176 2 bpel0d 38.5277 2 1 3.59923e-06 1 -0.482445
166656 2029800 2 bpel0d 40.1009 2 1 3.59923e-06 1 -0.71891
166661 117000 2 bpel0d 34.9732 2 1 3.59923e-06 1 -0.212166
167261 414793 2 bpel0d 32.7841 2 1 3.59923e-06 1 0.1871
167325 3793079 2 bpel0d 38.3694 2 1 3.59923e-06 1 0.233366
167715 481213 2 bpel0d 36.295 2 1 3.59923e-06 1 -0.878825
168600 2216343 2 bpel0d 121.421 2 1 3.59923e-06 1 -0.934417
178391 602279 2 bpel0d 93.2886 2 1 3.59923e-06 1 -0.672907
179043 2643452 2 bpel0d 55.081 2 1 3.59923e-06 1 0.743272
183760 589332 2 bpel0d 41.4767 2 1 3.59923e-06 1 0.625283
184414 1435247 2 bpel0d 42.357 2 1 3.59923e-06 1 -0.471664
184802 2929497 2 bpel0d 34.9819 2 1 3.59923e-06 1 -0.597967
185176 2087813 2 bpel0d 34.2178 2 1 3.59923e-06 1 -0.955246
185201 7756207 2 bpel0d 33.4741 2 1 3.59923e-06 1 -0.248737
185962 255662 2 bpel0d 36.4078 2 1 3.59923e-06 1 -0.896025
191769 2109531 2 bpel0h 33.0416 2 1 3.50158e-06 1 -0.885232
192282 6747294 2 bpel0h 45.1004 2 1 3.50158e-06 1 -0.914981
192374 2453206 2 bpel0h 89.2792 2 1 3.50158e-06 1 -0.954064
192424 5708571 2 bpel0h 49.5619 2 1 3.50158e-06 1 -0.836375
192424 8594264 2 bpel0h 23.9203 2 1 3.50158e-06 1 -0.894411
192794 728155 2 bpel0h 74.507 2 1 3.50158e-06 1 -0.250258
194905 3563949 2 bpel0h 40.11 2 1 3.50158e-06 1 -0.0648651
196043 804020 2 bpel0h 64.2448 2 1 3.50158e-06 1 -0.88729
196085 4660413 2 bpel0h 70.7085 2 1 3.50158e-06 1 -0.955001
196232 1758823 2 bpel0h 26.5254 2 1 3.50158e-06 1 0.0926437
196473 1517161 2 bpel0h 114.118 2 1 3.50158e-06 1 -0.967141
197644 1285043 2 bpel0h 34.3063 2 1 3.50158e-06 1 0.394842
197808 5719341 2 bpel0h 33.7544 2 1 3.50158e-06 1 0.157105
198513 675297 2 bpel0h 31.9669 2 1 3.50158e-06 1 -0.222914
198739 13351854 2 bpel0h 91.9305 2 1 3.50158e-06 1 -0.926304
199189 2269204 2 bpel0h 30.7379 2 1 3.50158e-06 1 -0.856424
199218 5842806 2 bpel0h 39.7937 2 1 3.50158e-06 1 -0.543567
199983 13839672 2 bpel0h 34.8771 2 1 3.50158e-06 1 -0.734735
200028 6707807 2 bpel0h 40.1345 2 1 3.50158e-06 1 0.195658
200309 18844916 2 bpel0h 53.8325 2 1 3.50158e-06 1 -0.19247
200570 5997054 2 bpel0h 44.0291 2 1 3.50158e-06 1 -0.946407
202526 2513713 2 bpel0h 29.1399 2 1 3.50158e-06 1 -0.674064
202770 432609 2 bpel0h 22.5935 2 1 3.50158e-06 1 0.187687
203055 1134664 2 bpel0h 46.0693 2 1 3.50158e-06 1 -0.928036
203190 7853267 2 bpel0h 31.8943 2 1 3.50158e-06 1 -0.825722
203334 358379 2 bpel0h 107.815 2 1 3.50158e-06 1 -0.599053
203383 1780690 2 bpel0h 31.6024 2 1 3.50158e-06 1 -0.975371
204185 4830287 2 bpel0i 73.0023 2 1 4.74239e-06 1 -0.46307
204413 4969222 2 bpel0i 57.2525 2 1 4.74239e-06 1 -0.728818
204677 1402973 2 bpel0i 36.0039 2 1 4.74239e-06 1 -0.442
204927 3583106 2 bpel0i 51.1973 2 1 4.74239e-06 1 -0.253098
205069 403608 2 bpel0i 44.0376 2 1 4.74239e-06 1 -0.19896
205995 1837229 2 bpel0i 27.9871 2 1 4.74239e-06 1 -0.612112
206285 795683 2 bpel0i 42.5444 2 1 4.74239e-06 1 0.149104
206697 1288997 2 bpel0i 149.158 2 1 4.74239e-06 1 -0.923715
207079 10273844 2 bpel0i 34.065 2 1 4.74239e-06 1 0.42262
209159 1139100 2 bpel0i 51.1236 2 1 4.74239e-06 1 -0.880592
209316 81909 2 bpel0i 133.663 2 1 4.74239e-06 1 -0.972884
209513 1925678 2 bpel0i 23.3315 2 1 4.74239e-06 1 -0.81108
209762 257568 2 bpel0i 60.9589 2 1 4.74239e-06 1 -0.736715
209849 1385536 2 bpel0i 89.1003 2 1 4.74239e-06 1 -0.855658
211198 10130513 2 bpel0i 30.4925 2 1 4.74239e-06 1 0.0864662
221464 6313681 2 bpelmi 72.4863 2 1 7.92858e-06 1 -0.92665
220579 7678044 2 bpelmi 46.3047 2 1 7.92858e-06 1 -0.647194
221334 2786840 2 bpelmi 38.1492 2 1 7.92858e-06 1 -0.958749
221723 5353013 2 bpelmi 33.0395 2 1 7.92858e-06 1 -0.505177
222271 9798919 2 bpelmi 53.9317 2 1 7.92858e-06 1 -0.900629
220227 1480857 2 bpelmi 55.5743 2 1 7.92858e-06 1 -0.510451
219659 8458297 2 bpelmi 24.1562 2 1 7.92858e-06 1 -0.674623
220589 42416 2 bpelmi 45.7006 2 1 7.92858e-06 1 -0.88747
219528 1668624 2 bpelmi 37.9816 2 1 7.92858e-06 1 -0.503745
221201 1300963 2 bpelmi 30.5055 2 1 7.92858e-06 1 -0.95199
223158 22781748 2 bpelmi2 24.9728 2 1 8.4868e-06 1 0.0515501
223432 1693572 2 bpelmi2 50.8837 2 1 8.4868e-06 1 0.0457639
228576 2075759 2 bpelmi2 60.0269 2 1 8.4868e-06 1 -0.968931
222835 13357859 2 bpelmi2 33.2901 2 1 8.4868e-06 1 0.845053
222792 351909 2 bpelmi2 41.4217 2 1 8.4868e-06 1 -0.781449
224480 12366 2 bpelmi2 47.5101 2 1 8.4868e-06 1 -0.658783
223432 9201276 2 bpelmi2 31.7957 2 1 8.4868e-06 1 -0.623191
223432 14401815 2 bpelmi2 29.5637 2 1 8.4868e-06 1 0.356388
227456 470785 2 bpelmi2 38.9434 2 1 8.4868e-06 1 0.0257747
228536 3565474 2 bpelmi2 65.1837 2 1 8.4868e-06 1 -0.924142
224126 2443769 2 bpelmi2 79.35 2 1 8.4868e-06 1 -0.704862
227834 6135617 2 bpelmi2 82.7305 2 1 8.4868e-06 1 -0.299546
226297 13309107 2 bpelmi2 36.1366 2 1 8.4868e-06 1 -0.214432
228763 12902948 2 bpelmi3 39.3465 2 1 5.46612e-06 1 -0.544631
229448 9287319 2 bpelmi3 56.8394 2 1 5.46612e-06 1 0.518374
231628 7372877 2 bpelmi3 68.9652 2 1 5.46612e-06 1 -0.969363
230010 15800280 2 bpelmi3 49.4354 2 1 5.46612e-06 1 0.179446
232286 17931307 2 bpelmi3 63.839 2 1 5.46612e-06 1 -0.944879
228763 26212118 2 bpelmi3 27.1004 2 1 5.46612e-06 1 -0.895349
231156 2173960 2 bpelmi3 53.2066 2 1 5.46612e-06 1 -0.905219
232444 20273066 2 bpelmi3 28.5739 2 1 5.46612e-06 1 -0.324962
232496 3343266 2 bpelmi3 87.5465 2 1 5.46612e-06 1 -0.594274
230560 77056 2 bpelmi3 55.9232 2 1 5.46612e-06 1 -0.946809
229389 7258142 2 bpelmi3 40.7672 2 1 5.46612e-06 1 -0.576668
237478 35404598 2 bpelmj 30.5226 2 1 5.63819e-06 1 -0.229917
237346 18917095 2 bpelmj 30.7932 2 1 5.63819e-06 1 -0.288284
236389 9608096 2 bpelmj 21.687 2 1 5.63819e-06 1 -0.12901
235389 2792384 2 bpelmj 55.598 2 1 5.63819e-06 1 -0.738332
236168 30970967 2 bpelmj 34.108 2 1 5.63819e-06 1 -0.613817
237227 26290648 2 bpelmj 28.3768 2 1 5.63819e-06 1 -0.257241
236580 1996820 2 bpelmj 72.342 2 1 5.63819e-06 1 -0.555584
237478 13062115 2 bpelmj 27.1067 2 1 5.63819e-06 1 -0.610007
233929 12773370 2 bpelmj 34.5171 2 1 5.63819e-06 1 -0.874143
237705 10162816 2 bpelmj 36.7286 2 1 5.63819e-06 1 0.398568
233764 13770192 2 bpelmj 33.3774 2 1 5.63819e-06 1 -0.771689
234972 6918603 2 bpelmj 71.795 2 1 5.63819e-06 1 -0.261826
233743 104146 2 bpelmj 30.4464 2 1 5.63819e-06 1 -0.608946
233830 13613623 2 bpelmj 23.3595 2 1 5.63819e-06 1 0.303567
234269 4624939 2 bpelmj 31.6281 2 1 5.63819e-06 1 -0.9643
235056 10839993 2 bpelmj 41.4289 2 1 5.63819e-06 1 0.717003
236585 3214150 2 bpelmj 94.7876 2 1 5.63819e-06 1 -0.481364
236780 8288342 2 bpelmj 52.1642 2 1 5.63819e-06 1 -0.66513
233764 2696402 2 bpelmj 58.6506 2 1 5.63819e-06 1 -0.785716
238817 18420299 2 bpelmj_p12 37.4127 2 1 8.52602e-06 1 -0.922906
240037 24447570 2 bpelmj_p12 89.105 2 1 8.52602e-06 1 -0.889822
239900 10276794 2 bpelmj_p12 26.4429 2 1 8.52602e-06 1 0.807057
239900 15835120 2 bpelmj_p12 54.617 2 1 8.52602e-06 1 0.303374
239900 1691000 2 bpelmj_p12 55.6507 2 1 8.52602e-06 1 -0.728803
238452 4800871 2 bpelmj_p12 36.4343 2 1 8.52602e-06 1 -0.709465
240895 6011983 2 bpelmj_p12 26.7238 2 1 8.52602e-06 1 -0.356395
241616 948020 2 bpelmj_p12 142.121 2 1 8.52602e-06 1 -0.716703
245821 3352133 2 bpelmj_p13 30.8512 2 1 5.46574e-06 1 -0.266702
243808 10291280 2 bpelmj_p13 49.5869 2 1 5.46574e-06 1 -0.942579
242582 4509148 2 bpelmj_p13 39.9689 2 1 5.46574e-06 1 -0.454788
243521 6653614 2 bpelmj_p13 39.0686 2 1 5.46574e-06 1 -0.518719
245984 1756971 2 bpelmj_p13 28.5831 2 1 5.46574e-06 1 -0.717052
243998 5441138 2 bpelmj_p13 64.8897 2 1 5.46574e-06 1 -0.892646
242694 410330 2 bpelmj_p13 41.3653 2 1 5.46574e-06 1 0.601495
243070 3988151 2 bpelmj_p13 26.4458 2 1 5.46574e-06 1 0.817493
244696 24308135 2 bpelmj_p13 115.829 2 1 5.46574e-06 1 -0.907782
243712 21921827 2 bpelmj_p13 39.4069 2 1 5.46574e-06 1 -0.689665
244191 8287569 2 bpelmj_p13 60.7826 2 1 5.46574e-06 1 -0.754652
244485 20274300 2 bpelmj_p13 35.4323 2 1 5.46574e-06 1 0.337137
243919 3268900 2 bpelmj_p13 61.5926 2 1 5.46574e-06 1 -0.893057
243350 8660401 2 bpelmj_p13 58.9731 2 1 5.46574e-06 1 -0.898811
245280 11896399 2 bpelmj_p13 44.8237 2 1 5.46574e-06 1 -0.824287
243402 4585748 2 bpelmj_p13 60.0798 2 1 5.46574e-06 1 -0.885814
242352 339655 2 bpelmj_p13 42.7411 2 1 5.46574e-06 1 -0.844496
244537 2201938 2 bpelmj_p13 51.334 2 1 5.46574e-06 1 -0.481062
245865 3732792 2 bpelmj_p13 25.6137 2 1 5.46574e-06 1 -0.915326
246140 1820864 2 bpelmj_p13 35.034 2 1 5.46574e-06 1 -0.0131394
242649 3724 2 bpelmj_p13 43.2332 2 1 5.46574e-06 1 -0.941641
245826 3694756 2 bpelmj_p13 33.9263 2 1 5.46574e-06 1 -0.874349
245984 5912618 2 bpelmj_p13 23.12 2 1 5.46574e-06 1 -0.599067
242291 11071730 2 bpelmj_p13 32.3628 2 1 5.46574e-06 1 -0.458986
