150395 98852 1 bhel0d 20.7993 3 1 1.20088e-06 1 -0.715179
151869 690782 1 bhel0d 31.5023 3 1 1.20088e-06 1 0.115653
154175 1588629 1 bhel0d 22.3576 3 1 1.20088e-06 1 -0.144143
155345 3194866 1 bhel0d 24.8886 3 1 1.20088e-06 1 0.282337
155793 4312618 1 bhel0d 62.6626 3 1 1.20088e-06 1 -0.188093
156116 6116596 1 bhel0d 25.186 3 1 1.20088e-06 1 0.139035
163012 6400944 1 bhel0d 49.8065 3 1 1.20088e-06 1 -0.341278
164354 1842551 1 bhel0d 37.4248 3 1 1.20088e-06 1 0.105844
165121 428911 1 bhel0d 55.0409 3 1 1.20088e-06 1 -0.359801
165122 674109 1 bhel0d 40.4296 3 1 1.20088e-06 1 -0.874353
165271 6116896 1 bhel0d 31.8836 3 1 1.20088e-06 1 -0.958986
165836 566421 1 bhel0d 26.3024 3 1 1.20088e-06 1 0.184362
165902 1487424 1 bhel0d 37.3559 3 1 1.20088e-06 1 0.181476
166007 498553 1 bhel0d 46.0415 3 1 1.20088e-06 1 0.235182
166479 4910255 1 bhel0d 40.1319 3 1 1.20088e-06 1 -0.151298
166567 6377008 1 bhel0d 40.8406 3 1 1.20088e-06 1 0.725622
166615 6805282 1 bhel0d 55.1645 3 1 1.20088e-06 1 -0.123297
166654 268287 1 bhel0d 26.4122 3 1 1.20088e-06 1 -0.124799
167053 7442159 1 bhel0d 74.7737 3 1 1.20088e-06 1 -0.487126
167297 491460 1 bhel0d 54.9627 3 1 1.20088e-06 1 0.381704
176651 297931 1 bhel0d 40.705 3 1 1.20088e-06 1 -0.853244
177214 803571 1 bhel0d 46.5112 3 1 1.20088e-06 1 -0.941512
177314 4056160 1 bhel0d 28.3296 3 1 1.20088e-06 1 -0.712404
177927 3216152 1 bhel0d 131.519 3 1 1.20088e-06 1 -0.788363
178513 327028 1 bhel0d 34.4261 3 1 1.20088e-06 1 -0.554079
178738 10453838 1 bhel0d 59.929 3 1 1.20088e-06 1 -0.31836
178854 4446698 1 bhel0d 91.9517 3 1 1.20088e-06 1 -0.439351
183125 1590533 1 bhel0d 40.8315 3 1 1.20088e-06 1 -0.0773856
183209 281684 1 bhel0d 37.8973 3 1 1.20088e-06 1 0.701209
183696 4315391 1 bhel0d 41.7585 3 1 1.20088e-06 1 -0.708148
183915 355338 1 bhel0d 60.2229 3 1 1.20088e-06 1 -0.526284
184068 2338573 1 bhel0d 59.5086 3 1 1.20088e-06 1 -0.240521
184463 4564155 1 bhel0d 56.675 3 1 1.20088e-06 1 -0.940531
184466 383360 1 bhel0d 89.8003 3 1 1.20088e-06 1 -0.739576
184495 4025111 1 bhel0d 42.1394 3 1 1.20088e-06 1 0.503205
184832 7457593 1 bhel0d 52.3941 3 1 1.20088e-06 1 -0.366019
185249 5691924 1 bhel0d 116.23 3 1 1.20088e-06 1 -0.567146
185281 18790239 1 bhel0d 40.1134 3 1 1.20088e-06 1 -0.733534
185332 11657514 1 bhel0d 51.8113 3 1 1.20088e-06 1 -0.478441
185634 6538828 1 bhel0d 30.8823 3 1 1.20088e-06 1 -0.0972622
185634 11101964 1 bhel0d 45.9449 3 1 1.20088e-06 1 -0.857581
191545 301942 1 bhel0h 38.3301 3 1 1.09476e-06 1 -0.658068
191636 1939495 1 bhel0h 59.5486 3 1 1.09476e-06 1 0.36871
192299 31813 1 bhel0h 22.6627 3 1 1.09476e-06 1 0.0785393
192892 5890336 1 bhel0h 43.3029 3 1 1.09476e-06 1 -0.387165
194030 118181 1 bhel0h 24.915 3 1 1.09476e-06 1 0.094077
194383 2534358 1 bhel0h 21.1483 3 1 1.09476e-06 1 -0.82622
194590 3920511 1 bhel0h 27.8088 3 1 1.09476e-06 1 -0.587731
194810 1510338 1 bhel0h 33.2116 3 1 1.09476e-06 1 -0.784637
194845 6370462 1 bhel0h 52.7873 3 1 1.09476e-06 1 -0.41923
194862 7001586 1 bhel0h 82.4206 3 1 1.09476e-06 1 -0.816325
195405 1128016 1 bhel0h 41.0219 3 1 1.09476e-06 1 -0.311695
195781 1077855 1 bhel0h 29.7885 3 1 1.09476e-06 1 -0.632733
196099 1589818 1 bhel0h 84.0921 3 1 1.09476e-06 1 -0.73158
196228 1110979 1 bhel0h 26.5451 3 1 1.09476e-06 1 -0.308436
196228 4476398 1 bhel0h 28.0109 3 1 1.09476e-06 1 -0.785073
196352 1958451 1 bhel0h 35.1193 3 1 1.09476e-06 1 -0.542218
196737 4100000 1 bhel0h 51.4221 3 1 1.09476e-06 1 -0.773373
196737 5530429 1 bhel0h 22.565 3 1 1.09476e-06 1 -0.620763
196879 5027675 1 bhel0h 31.0276 3 1 1.09476e-06 1 0.0186921
196901 11016264 1 bhel0h 40.6472 3 1 1.09476e-06 1 -0.0385535
196901 12021986 1 bhel0h 120.967 3 1 1.09476e-06 1 -0.663983
197808 2351983 1 bhel0h 33.527 3 1 1.09476e-06 1 -0.039061
197995 3066734 1 bhel0h 24.971 3 1 1.09476e-06 1 -0.754712
198423 174119 1 bhel0h 43.4583 3 1 1.09476e-06 1 -0.738008
198514 10872265 1 bhel0h 45.6053 3 1 1.09476e-06 1 0.230869
198881 386528 1 bhel0h 39.5048 3 1 1.09476e-06 1 -0.852946
199025 21274537 1 bhel0h 55.8902 3 1 1.09476e-06 1 0.365801
199143 2702248 1 bhel0h 54.3855 3 1 1.09476e-06 1 -0.639534
199217 2091197 1 bhel0h 53.5849 3 1 1.09476e-06 1 0.289104
199594 2037981 1 bhel0h 63.8228 3 1 1.09476e-06 1 -0.116501
200274 726185 1 bhel0h 122.377 3 1 1.09476e-06 1 -0.748834
200635 1127542 1 bhel0h 47.3877 3 1 1.09476e-06 1 -0.140167
200641 8269653 1 bhel0h 81.3096 3 1 1.09476e-06 1 0.477007
202313 1111545 1 bhel0h 21.0602 3 1 1.09476e-06 1 -0.0313481
202353 995848 1 bhel0h 91.3884 3 1 1.09476e-06 1 -0.947905
202365 2611334 1 bhel0h 50.0441 3 1 1.09476e-06 1 -0.309899
202770 1582384 1 bhel0h 51.3856 3 1 1.09476e-06 1 0.390919
202817 452786 1 bhel0h 30.722 3 1 1.09476e-06 1 0.308417
203015 4094554 1 bhel0h 21.914 3 1 1.09476e-06 1 -0.453794
203262 518635 1 bhel0h 38.8507 3 1 1.09476e-06 1 -0.0331217
203262 897479 1 bhel0h 56.1201 3 1 1.09476e-06 1 0.288607
203265 16662212 1 bhel0h 78.8789 3 1 1.09476e-06 1 -0.621298
203383 483117 1 bhel0h 48.151 3 1 1.09476e-06 1 -0.238701
203437 2186541 1 bhel0h 29.9939 3 1 1.09476e-06 1 -0.0573959
203439 1605430 1 bhel0h 106.915 3 1 1.09476e-06 1 -0.855724
203488 2391646 1 bhel0h 41.9598 3 1 1.09476e-06 1 0.199464
203506 153385 1 bhel0h 24.2083 3 1 1.09476e-06 1 -0.175009
203764 1192967 1 bhel0h 44.015 3 1 1.09476e-06 1 -0.712228
203799 3703779 1 bhel0h 38.7317 3 1 1.09476e-06 1 -0.599402
204402 3005825 1 bhel0i 53.5473 3 1 1.56141e-06 1 -0.0267143
204444 3287460 1 bhel0i 25.5623 3 1 1.56141e-06 1 -0.338286
204550 4897946 1 bhel0i 124.57 3 1 1.56141e-06 1 -0.908494
204639 155989 1 bhel0i 20.3189 3 1 1.56141e-06 1 0.646225
204640 4375629 1 bhel0i 48.4692 3 1 1.56141e-06 1 -0.876494
204643 3738542 1 bhel0i 52.4099 3 1 1.56141e-06 1 -0.155221
204682 6189520 1 bhel0i 71.7012 3 1 1.56141e-06 1 -0.677046
204722 8225858 1 bhel0i 31.4423 3 1 1.56141e-06 1 -0.789436
204750 1888180 1 bhel0i 73.3888 3 1 1.56141e-06 1 -0.77068
205021 1010554 1 bhel0i 30.8379 3 1 1.56141e-06 1 -0.219887
205074 3564563 1 bhel0i 49.8777 3 1 1.56141e-06 1 -0.259338
205075 2784873 1 bhel0i 77.0404 3 1 1.56141e-06 1 -0.816701
205640 2178073 1 bhel0i 35.9234 3 1 1.56141e-06 1 -0.609236
206285 8641717 1 bhel0i 39.8941 3 1 1.56141e-06 1 0.0844342
206285 13303095 1 bhel0i 59.4365 3 1 1.56141e-06 1 -0.0883817
206285 15543932 1 bhel0i 61.5864 3 1 1.56141e-06 1 -0.583709
206326 2574800 1 bhel0i 50.6067 3 1 1.56141e-06 1 -0.559114
206445 182296 1 bhel0i 38.2202 3 1 1.56141e-06 1 -0.50566
206537 11150021 1 bhel0i 28.0204 3 1 1.56141e-06 1 -0.292318
206723 1335348 1 bhel0i 39.0782 3 1 1.56141e-06 1 0.510152
207078 2682009 1 bhel0i 45.0897 3 1 1.56141e-06 1 -0.212308
207115 6095772 1 bhel0i 43.6363 3 1 1.56141e-06 1 0.434549
207153 1163195 1 bhel0i 69.0807 3 1 1.56141e-06 1 -0.421951
207488 6167296 1 bhel0i 21.2664 3 1 1.56141e-06 1 0.703375
209265 13931882 1 bhel0i 61.6656 3 1 1.56141e-06 1 -0.583983
209492 613521 1 bhel0i 39.5481 3 1 1.56141e-06 1 -0.276795
209848 1384723 1 bhel0i 50.093 3 1 1.56141e-06 1 -0.756644
209920 4823511 1 bhel0i 47.2319 3 1 1.56141e-06 1 0.320641
209984 1153324 1 bhel0i 44.8306 3 1 1.56141e-06 1 -0.600375
209986 760001 1 bhel0i 58.5752 3 1 1.56141e-06 1 0.148047
210008 9430266 1 bhel0i 36.7826 3 1 1.56141e-06 1 -0.204141
210008 10500574 1 bhel0i 62.5637 3 1 1.56141e-06 1 0.370389
211396 3805643 1 bhel0i 81.9998 3 1 1.56141e-06 1 -0.0728997
211396 2039876 1 bhel0i 42.7884 3 1 1.56141e-06 1 0.0264048
211441 3126723 1 bhel0i 61.3017 3 1 1.56141e-06 1 0.414111
211452 15827188 1 bhel0i 21.9907 3 1 1.56141e-06 1 0.062255
219943 2829507 1 bhelmi 28.4727 3 1 2.42627e-06 1 0.885044
220067 683007 1 bhelmi 67.2681 3 1 2.42627e-06 1 -0.312691
220578 1091242 1 bhelmi 143.354 3 1 2.42627e-06 1 -0.708615
221168 1324899 1 bhelmi 71.3651 3 1 2.42627e-06 1 -0.483279
219139 63274 1 bhelmi 79.5233 3 1 2.42627e-06 1 -0.905232
219385 23461124 1 bhelmi 45.2486 3 1 2.42627e-06 1 0.145798
219606 1132778 1 bhelmi 67.3662 3 1 2.42627e-06 1 -0.875331
219607 255675 1 bhelmi 59.7792 3 1 2.42627e-06 1 0.166414
221657 11573706 1 bhelmi 25.1956 3 1 2.42627e-06 1 0.304583
221500 686285 1 bhelmi 20.7497 3 1 2.42627e-06 1 -0.155512
222271 6160856 1 bhelmi 25.7089 3 1 2.42627e-06 1 0.495268
219237 2580377 1 bhelmi 25.3553 3 1 2.42627e-06 1 0.350356
219476 1706485 1 bhelmi 46.4891 3 1 2.42627e-06 1 -0.0184493
221464 9366247 1 bhelmi 142.27 3 1 2.42627e-06 1 -0.674533
221464 10115427 1 bhelmi 72.9159 3 1 2.42627e-06 1 -0.0800423
221751 12339340 1 bhelmi 38.1431 3 1 2.42627e-06 1 -0.394415
224445 17024599 1 bhelmi2 21.3326 3 1 2.55581e-06 1 -0.823682
222957 408968 1 bhelmi2 34.2634 3 1 2.55581e-06 1 -0.842512
222532 6267688 1 bhelmi2 115.233 3 1 2.55581e-06 1 -0.287119
222552 2296443 1 bhelmi2 29.565 3 1 2.55581e-06 1 0.0343521
222576 25672121 1 bhelmi2 57.4654 3 1 2.55581e-06 1 -0.0290697
228575 780423 1 bhelmi2 32.5818 3 1 2.55581e-06 1 -0.357423
227710 3831639 1 bhelmi2 28.8118 3 1 2.55581e-06 1 -0.294097
227884 1098647 1 bhelmi2 48.2944 3 1 2.55581e-06 1 0.00314087
226297 21281235 1 bhelmi2 23.9357 3 1 2.55581e-06 1 -0.336459
222576 19315861 1 bhelmi2 67.8855 3 1 2.55581e-06 1 -0.741975
222841 1015827 1 bhelmi2 47.1958 3 1 2.55581e-06 1 -0.814701
223498 10920997 1 bhelmi2 23.302 3 1 2.55581e-06 1 -0.402905
226246 1137424 1 bhelmi2 49.9099 3 1 2.55581e-06 1 -0.565333
222946 2061529 1 bhelmi2 98.8258 3 1 2.55581e-06 1 -0.563916
226254 7925827 1 bhelmi2 38.1762 3 1 2.55581e-06 1 0.247253
227554 14150957 1 bhelmi2 148.431 3 1 2.55581e-06 1 -0.785134
223536 11549333 1 bhelmi2 39.9435 3 1 2.55581e-06 1 0.0497422
227782 4520272 1 bhelmi2 29.9285 3 1 2.55581e-06 1 -0.748316
231907 6910093 1 bhelmi3 21.1618 3 1 1.67189e-06 1 -0.305289
231907 2714109 1 bhelmi3 25.0087 3 1 1.67189e-06 1 -0.908882
231907 4125482 1 bhelmi3 31.8276 3 1 1.67189e-06 1 0.00161526
230621 3169099 1 bhelmi3 45.1605 3 1 1.67189e-06 1 -0.227599
232286 891372 1 bhelmi3 25.7627 3 1 1.67189e-06 1 -0.0865842
232770 4898428 1 bhelmi3 118.071 3 1 1.67189e-06 1 -0.861983
231491 593863 1 bhelmi3 75.9796 3 1 1.67189e-06 1 -0.484124
229490 8359248 1 bhelmi3 21.0343 3 1 1.67189e-06 1 0.0965782
231298 126224 1 bhelmi3 35.5292 3 1 1.67189e-06 1 -0.560329
232088 30464884 1 bhelmi3 44.5352 3 1 1.67189e-06 1 0.076686
231453 10885371 1 bhelmi3 43.7095 3 1 1.67189e-06 1 -0.821604
230563 8782965 1 bhelmi3 28.5556 3 1 1.67189e-06 1 -0.429752
228698 1847415 1 bhelmi3 32.8225 3 1 1.67189e-06 1 -0.518434
231082 5537431 1 bhelmi3 32.0275 3 1 1.67189e-06 1 0.138753
231478 9141198 1 bhelmi3 101.449 3 1 1.67189e-06 1 -0.942392
232841 8616297 1 bhelmi3 50.6643 3 1 1.67189e-06 1 -0.451014
232500 4333 1 bhelmi3 38.2971 3 1 1.67189e-06 1 -0.600513
231161 3961138 1 bhelmi3 22.8041 3 1 1.67189e-06 1 0.168932
228902 2366695 1 bhelmi3 183.948 3 1 1.67189e-06 1 -0.929944
229448 6962560 1 bhelmi3 107.149 3 1 1.67189e-06 1 -0.489531
231929 4851383 1 bhelmi3 41.197 3 1 1.67189e-06 1 -0.641098
232812 21747325 1 bhelmi3 90.0749 3 1 1.67189e-06 1 0.268574
237795 32736503 1 bhelmj 80.6299 3 1 1.71443e-06 1 -0.684161
237705 28253606 1 bhelmj 24.0493 3 1 1.71443e-06 1 0.317019
236168 16504337 1 bhelmj 34.359 3 1 1.71443e-06 1 0.336515
236255 13887649 1 bhelmj 52.2723 3 1 1.71443e-06 1 0.34303
236256 1346809 1 bhelmj 83.8472 3 1 1.71443e-06 1 -0.150743
236503 7655602 1 bhelmj 61.6542 3 1 1.71443e-06 1 -0.691317
236503 2761565 1 bhelmj 49.2221 3 1 1.71443e-06 1 -0.608169
236653 24769578 1 bhelmj 21.6432 3 1 1.71443e-06 1 0.121521
236580 2708949 1 bhelmj 23.1475 3 1 1.71443e-06 1 -0.0469413
236753 1983465 1 bhelmj 30.3317 3 1 1.71443e-06 1 -0.475649
236764 8200753 1 bhelmj 27.2939 3 1 1.71443e-06 1 -0.711093
237003 5309291 1 bhelmj 29.1071 3 1 1.71443e-06 1 0.345158
237226 8540471 1 bhelmj 58.8924 3 1 1.71443e-06 1 -0.525573
237478 7546881 1 bhelmj 60.127 3 1 1.71443e-06 1 -0.413936
233650 20498601 1 bhelmj 37.7159 3 1 1.71443e-06 1 -0.35573
233929 21030455 1 bhelmj 21.5823 3 1 1.71443e-06 1 0.534332
233929 21216633 1 bhelmj 54.9865 3 1 1.71443e-06 1 0.572037
234398 8423244 1 bhelmj 55.0609 3 1 1.71443e-06 1 -0.252409
234571 2514814 1 bhelmj 36.5138 3 1 1.71443e-06 1 0.300345
235663 26783716 1 bhelmj 109.219 3 1 1.71443e-06 1 -0.704995
235663 7885042 1 bhelmj 29.7673 3 1 1.71443e-06 1 -0.667488
235932 5231405 1 bhelmj 57.505 3 1 1.71443e-06 1 0.932672
233830 11923913 1 bhelmj 35.1835 3 1 1.71443e-06 1 -0.0328397
234572 1671026 1 bhelmj 67.7035 3 1 1.71443e-06 1 -0.806463
234753 3934721 1 bhelmj 50.628 3 1 1.71443e-06 1 0.244514
235093 18257327 1 bhelmj 41.3618 3 1 1.71443e-06 1 -0.110126
235158 13823516 1 bhelmj 86.7979 3 1 1.71443e-06 1 -0.130284
235648 25389969 1 bhelmj 60.547 3 1 1.71443e-06 1 -0.316908
235924 24749364 1 bhelmj 36.4882 3 1 1.71443e-06 1 -0.344924
238241 21158201 1 bhelmj_p12 29.4071 3 1 2.51369e-06 1 0.83526
238817 15579855 1 bhelmj_p12 44.1031 3 1 2.51369e-06 1 -0.804215
239853 6663393 1 bhelmj_p12 60.6742 3 1 2.51369e-06 1 -0.8349
240066 969565 1 bhelmj_p12 24.0581 3 1 2.51369e-06 1 -0.175147
240074 1732545 1 bhelmj_p12 131.586 3 1 2.51369e-06 1 -0.506027
237981 184562 1 bhelmj_p12 26.9286 3 1 2.51369e-06 1 0.431868
238493 10096084 1 bhelmj_p12 38.9102 3 1 2.51369e-06 1 -0.647755
239230 19226984 1 bhelmj_p12 36.6325 3 1 2.51369e-06 1 -0.538023
239641 1433789 1 bhelmj_p12 57.3375 3 1 2.51369e-06 1 0.3322
239671 450603 1 bhelmj_p12 27.1739 3 1 2.51369e-06 1 0.0652171
240250 1007344 1 bhelmj_p12 38.049 3 1 2.51369e-06 1 0.0725603
240250 1150600 1 bhelmj_p12 23.174 3 1 2.51369e-06 1 -0.808871
240296 2797124 1 bhelmj_p12 35.546 3 1 2.51369e-06 1 -0.262725
240836 13898002 1 bhelmj_p12 86.5348 3 1 2.51369e-06 1 -0.458449
241181 19286435 1 bhelmj_p12 52.7181 3 1 2.51369e-06 1 -0.72204
241181 11916206 1 bhelmj_p12 85.702 3 1 2.51369e-06 1 0.0199462
242764 458293 1 bhelmj_p13 31.4337 3 1 1.50474e-06 1 -0.0175003
244720 5187317 1 bhelmj_p13 80.7834 3 1 1.50474e-06 1 -0.691256
245986 26068818 1 bhelmj_p13 23.3813 3 1 1.50474e-06 1 -0.648078
245984 10069500 1 bhelmj_p13 29.7756 3 1 1.50474e-06 1 -0.02587
242865 7260236 1 bhelmj_p13 31.5761 3 1 1.50474e-06 1 -0.496114
242764 6465775 1 bhelmj_p13 30.5587 3 1 1.50474e-06 1 0.520432
243426 734729 1 bhelmj_p13 44.8632 3 1 1.50474e-06 1 0.0222587
243842 1244358 1 bhelmj_p13 26.4421 3 1 1.50474e-06 1 0.53898
245518 10410369 1 bhelmj_p13 62.5615 3 1 1.50474e-06 1 -0.352144
242725 5622939 1 bhelmj_p13 32.3362 3 1 1.50474e-06 1 -0.589832
242734 6750749 1 bhelmj_p13 29.234 3 1 1.50474e-06 1 0.373795
243070 9866427 1 bhelmj_p13 40.4868 3 1 1.50474e-06 1 -0.221799
243224 14796800 1 bhelmj_p13 48.8888 3 1 1.50474e-06 1 -0.0932559
243252 12136768 1 bhelmj_p13 20.5191 3 1 1.50474e-06 1 -0.487759
242583 3443505 1 bhelmj_p13 27.9943 3 1 1.50474e-06 1 -0.897167
244335 14559375 1 bhelmj_p13 35.7503 3 1 1.50474e-06 1 0.326479
244792 6706723 1 bhelmj_p13 32.9341 3 1 1.50474e-06 1 0.128117
245210 856285 1 bhelmj_p13 41.9999 3 1 1.50474e-06 1 -0.646972
245210 862690 1 bhelmj_p13 64.6847 3 1 1.50474e-06 1 0.550727
243224 2559520 1 bhelmj_p13 34.142 3 1 1.50474e-06 1 0.330783
243787 10198662 1 bhelmj_p13 20.7856 3 1 1.50474e-06 1 0.28416
244451 9981474 1 bhelmj_p13 29.797 3 1 1.50474e-06 1 -0.535724
242167 1739516 1 bhelmj_p13 35.7602 3 1 1.50474e-06 1 -0.787393
243224 16523678 1 bhelmj_p13 85.6318 3 1 1.50474e-06 1 -0.023092
244340 3782311 1 bhelmj_p13 31.3206 3 1 1.50474e-06 1 -0.296723
244676 11195596 1 bhelmj_p13 60.6246 3 1 1.50474e-06 1 -0.515469
242640 764281 1 bhelmj_p13 27.0729 3 1 1.50474e-06 1 0.33083
244983 4155300 1 bhelmj_p13 71.6186 3 1 1.50474e-06 1 -0.337272
245713 427986 1 bhelmj_p13 31.68 3 1 1.50474e-06 1 0.298027
149387 2182625 3 bhmu0d 40.5921 3 1 2.62946e-06 1 -0.214369
161171 1163361 4 bhmu0d 57.6333 3 1 2.62946e-06 1 -0.38147
161678 3946514 4 bhmu0d 30.7103 3 1 2.62946e-06 1 0.299956
162631 7109631 4 bhmu0d 74.5528 3 1 2.62946e-06 1 -0.372259
164274 2932602 3 bhmu0d 89.075 3 1 2.62946e-06 1 0.168803
165062 656986 3 bhmu0d 116.22 3 1 2.62946e-06 1 -0.858192
165121 7186180 3 bhmu0d 33.721 3 1 2.62946e-06 1 -0.788682
165313 1770456 3 bhmu0d 123.527 3 1 2.62946e-06 1 -0.823297
166325 1249548 4 bhmu0d 22.3982 3 1 2.62946e-06 1 -0.424302
166771 846042 3 bhmu0d 37.3461 3 1 2.62946e-06 1 -0.67944
166779 3800533 3 bhmu0d 42.3297 3 1 2.62946e-06 1 -0.420224
166927 5822870 4 bhmu0d 34.4313 3 1 2.62946e-06 1 -0.468516
178390 3929243 3 bhmu0d 54.5208 3 1 2.62946e-06 1 -0.356328
178852 2167379 3 bhmu0d 99.9371 3 1 2.62946e-06 1 -0.468365
178881 10612822 3 bhmu0d 46.8768 3 1 2.62946e-06 1 -0.0136378
182874 78353 3 bhmu0d 47.3441 3 1 2.62946e-06 1 0.356222
183617 4116552 4 bhmu0d 44.8688 3 1 2.62946e-06 1 -0.630441
183965 4462113 4 bhmu0d 39.325 3 1 2.62946e-06 1 -0.836885
184015 737953 3 bhmu0d 40.3618 3 1 2.62946e-06 1 -0.494936
184377 11678359 3 bhmu0d 23.6956 3 1 2.62946e-06 1 -0.202083
184765 405764 4 bhmu0d 28.4226 3 1 2.62946e-06 1 -0.253864
185037 4098975 4 bhmu0d 29.3483 3 1 2.62946e-06 1 -0.197907
185201 3744342 4 bhmu0d 29.7768 3 1 2.62946e-06 1 0.774731
185331 893077 3 bhmu0d 43.9738 3 1 2.62946e-06 1 0.280301
185377 1984427 4 bhmu0d 46.1497 3 1 2.62946e-06 1 -0.33401
185723 126581 4 bhmu0d 31.5085 3 1 2.62946e-06 1 -0.643687
185848 10192934 4 bhmu0d 29.3999 3 1 2.62946e-06 1 -0.371973
186145 6729198 3 bhmu0d 51.9439 3 1 2.62946e-06 1 0.418632
186598 4040446 3 bhmu0d 36.4417 3 1 2.62946e-06 1 -0.0098279
191430 1033986 4 bhmu0h 71.8765 3 1 2.19258e-06 1 -0.0135005
191430 2030865 3 bhmu0h 33.3215 3 1 2.19258e-06 1 -0.421398
191640 3104603 3 bhmu0h 40.9813 3 1 2.19258e-06 1 -0.590888
192424 2935325 3 bhmu0h 79.4985 3 1 2.19258e-06 1 -0.228045
193013 6746645 4 bhmu0h 117.359 3 1 2.19258e-06 1 -0.655634
193105 1809718 3 bhmu0h 30.045 3 1 2.19258e-06 1 -0.474218
193247 2304350 4 bhmu0h 35.6026 3 1 2.19258e-06 1 0.532148
194147 5524014 3 bhmu0h 118.667 3 1 2.19258e-06 1 -0.874079
194323 9534393 3 bhmu0h 77.4689 3 1 2.19258e-06 1 -0.623166
194536 949517 3 bhmu0h 21.4187 3 1 2.19258e-06 1 0.223718
195343 9039070 3 bhmu0h 27.535 3 1 2.19258e-06 1 0.218627
196352 5542982 4 bhmu0h 104.742 3 1 2.19258e-06 1 -0.794333
196737 394803 4 bhmu0h 78.0448 3 1 2.19258e-06 1 -0.0424413
196989 8893265 3 bhmu0h 60.5357 3 1 2.19258e-06 1 -0.0778789
197194 9530154 4 bhmu0h 23.5219 3 1 2.19258e-06 1 -0.286228
197289 2880104 3 bhmu0h 33.2853 3 1 2.19258e-06 1 -0.507785
197640 636832 3 bhmu0h 37.7207 3 1 2.19258e-06 1 -0.223363
198117 6175190 4 bhmu0h 48.755 3 1 2.19258e-06 1 -0.314157
198739 8910882 4 bhmu0h 33.4585 3 1 2.19258e-06 1 0.281654
198739 18912672 4 bhmu0h 27.4899 3 1 2.19258e-06 1 -0.672831
198882 17051091 3 bhmu0h 77.884 3 1 2.19258e-06 1 0.0718665
198882 18253803 4 bhmu0h 32.9941 3 1 2.19258e-06 1 0.390125
199025 8077733 3 bhmu0h 73.6313 3 1 2.19258e-06 1 -0.828767
199187 1826640 3 bhmu0h 111.96 3 1 2.19258e-06 1 -0.782776
200533 86243 4 bhmu0h 31.0733 3 1 2.19258e-06 1 -0.922965
200641 6049403 3 bhmu0h 61.1905 3 1 2.19258e-06 1 -0.100128
200659 1485077 3 bhmu0h 28.5275 3 1 2.19258e-06 1 -0.909038
202136 1326506 3 bhmu0h 69.8755 3 1 2.19258e-06 1 -0.286125
202771 2384068 3 bhmu0h 65.2353 3 1 2.19258e-06 1 -0.292431
202771 4108849 3 bhmu0h 43.1304 3 1 2.19258e-06 1 -0.589925
204257 5139046 3 bhmu0i 73.7886 3 1 3.11159e-06 1 -0.941318
204339 1212581 3 bhmu0i 33.7982 3 1 3.11159e-06 1 -0.762588
204593 183014 3 bhmu0i 80.7254 3 1 3.11159e-06 1 -0.0531104
204748 2121559 3 bhmu0i 63.3467 3 1 3.11159e-06 1 -0.190062
205153 364366 3 bhmu0i 38.4926 3 1 3.11159e-06 1 0.285412
205324 1183836 4 bhmu0i 35.2581 3 1 3.11159e-06 1 0.0503879
205995 12037347 3 bhmu0i 61.7886 3 1 3.11159e-06 1 -0.763483
206285 1939200 3 bhmu0i 45.0851 3 1 3.11159e-06 1 -0.166902
206285 12578490 3 bhmu0i 35.1737 3 1 3.11159e-06 1 -0.609397
206828 3127590 3 bhmu0i 109.307 3 1 3.11159e-06 1 -0.941785
207080 10287826 3 bhmu0i 82.3431 3 1 3.11159e-06 1 -0.635273
207153 3817764 3 bhmu0i 105.756 3 1 3.11159e-06 1 -0.905164
207405 392972 3 bhmu0i 50.2627 3 1 3.11159e-06 1 0.471378
209149 5303520 3 bhmu0i 25.8146 3 1 3.11159e-06 1 -0.691124
209191 1324468 4 bhmu0i 25.4907 3 1 3.11159e-06 1 0.451129
209265 6541656 4 bhmu0i 40.1512 3 1 3.11159e-06 1 0.0503209
209773 2579747 3 bhmu0i 32.0999 3 1 3.11159e-06 1 -0.528079
209819 307745 3 bhmu0i 33.3596 3 1 3.11159e-06 1 0.870626
210008 13817171 4 bhmu0i 29.0788 3 1 3.11159e-06 1 0.634161
219945 2106831 4 bhmumi 41.6023 3 1 4.75706e-06 1 -0.12024
220221 6508087 3 bhmumi 21.7699 3 1 4.75706e-06 1 0.170149
220182 343046 3 bhmumi 44.2107 3 1 4.75706e-06 1 0.430174
220589 253277 4 bhmumi 29.9133 3 1 4.75706e-06 1 -0.0798516
220589 14612746 4 bhmumi 28.1002 3 1 4.75706e-06 1 0.467934
221174 966752 3 bhmumi 23.6814 3 1 4.75706e-06 1 0.0887392
219357 406380 3 bhmumi 41.1882 3 1 4.75706e-06 1 -0.747752
219357 598811 3 bhmumi 24.8973 3 1 4.75706e-06 1 0.475476
219385 10086304 3 bhmumi 69.3936 3 1 4.75706e-06 1 -0.158314
222271 13085180 4 bhmumi 24.5893 3 1 4.75706e-06 1 0.228505
219222 2552108 3 bhmumi 107.954 3 1 4.75706e-06 1 -0.941821
219268 5624160 4 bhmumi 31.0391 3 1 4.75706e-06 1 -0.363882
219476 861092 4 bhmumi 23.0296 3 1 4.75706e-06 1 -0.191269
219526 4910713 3 bhmumi 75.777 3 1 4.75706e-06 1 -0.120719
221464 29717793 3 bhmumi 89.0449 3 1 4.75706e-06 1 -0.243146
224521 34136701 3 bhmumi2 68.2879 3 1 5.07838e-06 1 0.225491
227884 592822 3 bhmumi2 21.0848 3 1 5.07838e-06 1 -0.511854
228399 686205 4 bhmumi2 75.6508 3 1 5.07838e-06 1 0.322597
228406 1080874 3 bhmumi2 64.7297 3 1 5.07838e-06 1 -0.689207
228536 6559117 3 bhmumi2 50.4676 3 1 5.07838e-06 1 0.260084
223118 4030470 3 bhmumi2 20.8167 3 1 5.07838e-06 1 -0.104551
223236 5765514 3 bhmumi2 25.4288 3 1 5.07838e-06 1 0.288718
223432 10498092 3 bhmumi2 45.1969 3 1 5.07838e-06 1 0.0453682
227554 1729942 4 bhmumi2 36.7022 3 1 5.07838e-06 1 0.79493
223158 15470500 3 bhmumi2 56.4171 3 1 5.07838e-06 1 -0.835192
223536 6147897 3 bhmumi2 60.3947 3 1 5.07838e-06 1 -0.22879
222722 337428 3 bhmumi2 28.458 3 1 5.07838e-06 1 0.256409
222549 3705677 3 bhmumi2 33.278 3 1 5.07838e-06 1 -0.152082
222549 2458959 3 bhmumi2 20.5751 3 1 5.07838e-06 1 0.784158
222552 23644964 3 bhmumi2 50.7886 3 1 5.07838e-06 1 0.206725
222835 11322801 4 bhmumi2 27.1285 3 1 5.07838e-06 1 0.464441
223498 4881385 4 bhmumi2 24.7975 3 1 5.07838e-06 1 -0.644517
231334 16015 3 bhmumi3 42.2177 3 1 3.21357e-06 1 -0.0931964
229936 3028880 3 bhmumi3 39.4942 3 1 3.21357e-06 1 -0.786335
230778 11705892 3 bhmumi3 57.0433 3 1 3.21357e-06 1 -0.380066
231453 838301 3 bhmumi3 47.1377 3 1 3.21357e-06 1 0.529261
231907 1758625 3 bhmumi3 70.7252 3 1 3.21357e-06 1 0.0789961
231179 13062201 4 bhmumi3 32.5905 3 1 3.21357e-06 1 -0.836239
231126 2730840 4 bhmumi3 89.0074 3 1 3.21357e-06 1 0.0686666
231334 8984495 3 bhmumi3 25.3157 3 1 3.21357e-06 1 -0.0442079
232444 7639681 4 bhmumi3 37.9404 3 1 3.21357e-06 1 0.0845872
231201 709134 4 bhmumi3 74.4678 3 1 3.21357e-06 1 -0.884998
232500 4342516 4 bhmumi3 29.4232 3 1 3.21357e-06 1 0.493729
228683 13097543 3 bhmumi3 31.7397 3 1 3.21357e-06 1 0.32392
229313 2971181 3 bhmumi3 66.2514 3 1 3.21357e-06 1 -0.725725
230010 6070520 3 bhmumi3 36.9337 3 1 3.21357e-06 1 -0.380502
230921 21949824 3 bhmumi3 118.649 3 1 3.21357e-06 1 -0.736609
231156 6141606 3 bhmumi3 28.5116 3 1 3.21357e-06 1 -0.422664
232088 14644916 3 bhmumi3 33.2937 3 1 3.21357e-06 1 -0.667425
232841 9419237 3 bhmumi3 165.285 3 1 3.21357e-06 1 -0.562423
232445 3467655 4 bhmumi3 35.6525 3 1 3.21357e-06 1 -0.177121
233050 13994503 3 bhmumi3 20.1931 3 1 3.21357e-06 1 0.363718
236132 2569613 3 bhmumj 58.0213 3 1 3.31369e-06 1 -0.717677
236168 19723818 3 bhmumj 65.1822 3 1 3.31369e-06 1 -0.205829
236255 13987253 3 bhmumj 28.7491 3 1 3.31369e-06 1 0.251431
236389 5841093 3 bhmumj 51.8631 3 1 3.31369e-06 1 -0.233811
237346 2695773 4 bhmumj 114.153 3 1 3.31369e-06 1 -0.931991
233929 10086754 3 bhmumj 45.6099 3 1 3.31369e-06 1 0.318715
234972 8802900 3 bhmumj 54.5771 3 1 3.31369e-06 1 0.568004
234269 4652821 4 bhmumj 39.6821 3 1 3.31369e-06 1 0.705446
235594 6669886 3 bhmumj 92.8113 3 1 3.31369e-06 1 -0.289641
236040 1642171 4 bhmumj 22.9614 3 1 3.31369e-06 1 -0.937348
233764 11301559 3 bhmumj 24.3578 3 1 3.31369e-06 1 -0.572971
235163 101715 3 bhmumj 29.532 3 1 3.31369e-06 1 -0.515454
235158 5906214 3 bhmumj 52.3176 3 1 3.31369e-06 1 0.535653
235648 22412575 4 bhmumj 58.0108 3 1 3.31369e-06 1 0.839819
235648 36157154 3 bhmumj 27.0286 3 1 3.31369e-06 1 -0.0827581
236023 784923 4 bhmumj 26.0527 3 1 3.31369e-06 1 0.235061
235924 21921967 3 bhmumj 24.8475 3 1 3.31369e-06 1 -0.107583
236023 5778488 3 bhmumj 34.9152 3 1 3.31369e-06 1 -0.818675
239076 3415057 3 bhmumj_p12 64.8859 3 1 4.93783e-06 1 0.000777142
239906 16704411 4 bhmumj_p12 34.9505 3 1 4.93783e-06 1 0.039872
240115 2675391 4 bhmumj_p12 64.4133 3 1 4.93783e-06 1 -0.721733
239504 19691544 3 bhmumj_p12 42.1264 3 1 4.93783e-06 1 0.135122
240790 358740 3 bhmumj_p12 30.8631 3 1 4.93783e-06 1 -0.192698
240836 14001252 3 bhmumj_p12 58.8171 3 1 4.93783e-06 1 0.177242
243402 4271153 3 bhmumj_p13 32.1988 3 1 2.98776e-06 1 -0.0862695
243663 25727450 4 bhmumj_p13 92.0273 3 1 2.98776e-06 1 -0.168538
243070 3048034 4 bhmumj_p13 62.9715 3 1 2.98776e-06 1 0.238956
245280 3396817 3 bhmumj_p13 22.9256 3 1 2.98776e-06 1 -0.096267
245021 568963 3 bhmumj_p13 20.2023 3 1 2.98776e-06 1 0.0160777
245448 3767387 3 bhmumj_p13 29.1244 3 1 2.98776e-06 1 -0.412213
242694 594317 3 bhmumj_p13 41.6276 3 1 2.98776e-06 1 -0.398001
244297 4911248 4 bhmumj_p13 94.3122 3 1 2.98776e-06 1 -0.859106
244545 4691380 4 bhmumj_p13 57.2855 3 1 2.98776e-06 1 0.0635968
244655 1914708 4 bhmumj_p13 36.0969 3 1 2.98776e-06 1 -0.336038
245448 5271484 4 bhmumj_p13 38.0487 3 1 2.98776e-06 1 -0.607785
243715 13649322 3 bhmumj_p13 74.2616 3 1 2.98776e-06 1 0.714647
244485 17638710 3 bhmumj_p13 53.526 3 1 2.98776e-06 1 0.398178
245292 3487736 3 bhmumj_p13 44.1216 3 1 2.98776e-06 1 -0.887793
243712 14897192 3 bhmumj_p13 49.8853 3 1 2.98776e-06 1 0.434512
243033 5174236 3 bhmumj_p13 36.2179 3 1 2.98776e-06 1 -0.588235
243350 7684579 4 bhmumj_p13 31.4038 3 1 2.98776e-06 1 0.106006
244417 12591580 3 bhmumj_p13 105.895 3 1 2.98776e-06 1 -0.832878
244417 12781449 3 bhmumj_p13 68.3191 3 1 2.98776e-06 1 -0.808914
246187 13890208 3 bhmumj_p13 49.4587 3 1 2.98776e-06 1 -0.0602804
246074 415989 3 bhmumj_p13 79.0451 3 1 2.98776e-06 1 -0.0525388
178882 3257994 2 bpel0d 63.5644 3 1 3.59923e-06 1 -0.919619
184291 3769934 2 bpel0d 25.3453 3 1 3.59923e-06 1 0.406675
184377 9280682 2 bpel0d 72.0184 3 1 3.59923e-06 1 -0.489117
184518 374956 2 bpel0d 73.8671 3 1 3.59923e-06 1 -0.42401
191636 569917 2 bpel0h 26.6013 3 1 3.50158e-06 1 -0.574378
194320 98639 2 bpel0h 38.803 3 1 3.50158e-06 1 -0.312323
196099 4497441 2 bpel0h 27.3011 3 1 3.50158e-06 1 -0.00962782
197071 590412 2 bpel0h 45.8354 3 1 3.50158e-06 1 -0.890936
198154 3855006 2 bpel0h 34.7354 3 1 3.50158e-06 1 -0.443389
199187 18554 2 bpel0h 22.9737 3 1 3.50158e-06 1 -0.29365
199216 126661 2 bpel0h 24.3022 3 1 3.50158e-06 1 -0.336043
199655 1507455 2 bpel0h 36.2349 3 1 3.50158e-06 1 -0.929851
200719 3982357 2 bpel0h 49.98 3 1 3.50158e-06 1 0.118312
203347 1060151 2 bpel0h 30.9537 3 1 3.50158e-06 1 0.489232
204402 4214426 2 bpel0i 28.6649 3 1 4.74239e-06 1 -0.131475
205640 3900858 2 bpel0i 32.3472 3 1 4.74239e-06 1 -0.644326
206537 9814983 2 bpel0i 87.4033 3 1 4.74239e-06 1 -0.054483
209172 955973 2 bpel0i 79.1293 3 1 4.74239e-06 1 -0.422404
209507 789589 2 bpel0i 55.7076 3 1 4.74239e-06 1 -0.312504
209762 1109253 2 bpel0i 68.9715 3 1 4.74239e-06 1 -0.5426
209850 12967600 2 bpel0i 89.9655 3 1 4.74239e-06 1 -0.701017
211337 2805001 2 bpel0i 63.1243 3 1 4.74239e-06 1 -0.462688
211337 3387501 2 bpel0i 45.9424 3 1 4.74239e-06 1 0.209085
219607 1217555 2 bpelmi 48.989 3 1 7.92858e-06 1 -0.14108
220898 4287288 2 bpelmi 35.859 3 1 7.92858e-06 1 -0.502371
221917 10938007 2 bpelmi 58.7511 3 1 7.92858e-06 1 -0.327997
220221 13595567 2 bpelmi 51.1458 3 1 7.92858e-06 1 -0.827119
223158 13997390 2 bpelmi2 36.6408 3 1 8.4868e-06 1 -0.793369
223236 9700845 2 bpelmi2 50.7321 3 1 8.4868e-06 1 0.0418483
222724 116782 2 bpelmi2 35.7419 3 1 8.4868e-06 1 -0.783499
231693 253828 2 bpelmi3 28.526 3 1 5.46612e-06 1 -0.110189
229313 6973454 2 bpelmi3 26.9032 3 1 5.46612e-06 1 -0.48693
230005 671437 2 bpelmi3 84.1998 3 1 5.46612e-06 1 -0.595424
231712 13639526 2 bpelmi3 35.505 3 1 5.46612e-06 1 -0.832245
232028 7545777 2 bpelmi3 59.3173 3 1 5.46612e-06 1 -0.805594
228738 9085247 2 bpelmi3 37.8008 3 1 5.46612e-06 1 -0.306512
231203 594518 2 bpelmi3 62.6656 3 1 5.46612e-06 1 0.417249
232185 553900 2 bpelmi3 55.6111 3 1 5.46612e-06 1 -0.849488
230419 8765782 2 bpelmi3 43.8915 3 1 5.46612e-06 1 0.624911
231294 22495997 2 bpelmi3 39.0479 3 1 5.46612e-06 1 0.563219
233077 152342 2 bpelmi3 40.5169 3 1 5.46612e-06 1 -0.781635
231453 16220802 2 bpelmi3 56.6437 3 1 5.46612e-06 1 -0.52659
230005 1209371 2 bpelmi3 69.5209 3 1 5.46612e-06 1 0.157629
235093 4510899 2 bpelmj 50.1283 3 1 5.63819e-06 1 0.62334
236254 3105851 2 bpelmj 62.0449 3 1 5.63819e-06 1 -0.587019
235056 7803196 2 bpelmj 54.8109 3 1 5.63819e-06 1 -0.778132
235091 3075105 2 bpelmj 25.3504 3 1 5.63819e-06 1 0.100162
233610 4982034 2 bpelmj 32.918 3 1 5.63819e-06 1 0.347571
234481 26777255 2 bpelmj 29.2821 3 1 5.63819e-06 1 0.407308
234265 7344137 2 bpelmj 63.0767 3 1 5.63819e-06 1 0.615129
235924 2969390 2 bpelmj 48.2658 3 1 5.63819e-06 1 -0.360918
237346 39256586 2 bpelmj 121.173 3 1 5.63819e-06 1 -0.851747
237346 7607359 2 bpelmj 37.2651 3 1 5.63819e-06 1 0.236162
240037 8017103 2 bpelmj_p12 29.5643 3 1 8.52602e-06 1 0.0200156
239900 3858999 2 bpelmj_p12 105.151 3 1 8.52602e-06 1 -0.424071
239504 19916378 2 bpelmj_p12 31.7506 3 1 8.52602e-06 1 0.598471
244983 430076 2 bpelmj_p13 103.101 3 1 5.46574e-06 1 -0.0471866
243254 7763443 2 bpelmj_p13 30.5946 3 1 5.46574e-06 1 -0.09771
242102 7572 2 bpelmj_p13 51.7391 3 1 5.46574e-06 1 -0.106996
244485 19516200 2 bpelmj_p13 25.6578 3 1 5.46574e-06 1 -0.0708143
