155145 132579 1 bhel0d 52.6121 3 2 1.20088e-06 1 -0.745954
167977 785542 1 bhel0d 52.8862 3 2 1.20088e-06 1 -0.708968
168599 3427662 1 bhel0d 44.7311 3 2 1.20088e-06 1 0.440369
178759 1601160 1 bhel0d 23.6853 3 2 1.20088e-06 1 0.480145
178882 1300078 1 bhel0d 57.5162 3 2 1.20088e-06 1 -0.809935
183785 3862531 1 bhel0d 38.517 3 2 1.20088e-06 1 0.354337
191766 1166089 1 bhel0h 37.7074 3 2 1.09476e-06 1 0.445998
192230 2121129 1 bhel0h 50.3301 3 2 1.09476e-06 1 0.16711
192300 1329376 1 bhel0h 52.8766 3 2 1.09476e-06 1 -0.406651
194536 2559039 1 bhel0h 51.4854 3 2 1.09476e-06 1 -0.392766
195719 5101562 1 bhel0h 25.6555 3 2 1.09476e-06 1 -0.765263
196489 4077074 1 bhel0h 66.3253 3 2 1.09476e-06 1 -0.618039
196737 4020574 1 bhel0h 71.9238 3 2 1.09476e-06 1 -0.705313
202739 4828836 1 bhel0h 44.8105 3 2 1.09476e-06 1 -0.800699
203055 14080887 1 bhel0h 36.2518 3 2 1.09476e-06 1 -0.591087
204116 143264 1 bhel0i 84.5433 3 2 1.56141e-06 1 0.574212
204927 181184 1 bhel0i 29.6386 3 2 1.56141e-06 1 -0.473797
206174 7469777 1 bhel0i 27.2637 3 2 1.56141e-06 1 0.330247
206695 2709830 1 bhel0i 25.0293 3 2 1.56141e-06 1 0.551813
207078 1289045 1 bhel0i 43.4284 3 2 1.56141e-06 1 -0.464678
209819 6742800 1 bhel0i 40.0512 3 2 1.56141e-06 1 0.130253
211130 2835903 1 bhel0i 36.0314 3 2 1.56141e-06 1 0.0677752
220248 9590386 1 bhelmi 40.4501 3 2 2.42627e-06 1 -0.482928
220727 4787060 1 bhelmi 124.151 3 2 2.42627e-06 1 -0.545746
218653 2438129 1 bhelmi 28.0153 3 2 2.42627e-06 1 -0.224263
221723 3378774 1 bhelmi 82.0582 3 3 2.42627e-06 1 -0.576834
219539 242978 1 bhelmi 47.808 3 2 2.42627e-06 1 -0.613307
222549 1174989 1 bhelmi2 47.8358 3 3 2.55581e-06 1 -0.851658
223158 18724229 1 bhelmi2 28.4704 3 2 2.55581e-06 1 0.752041
224367 5095498 1 bhelmi2 57.0186 3 2 2.55581e-06 1 -0.0814865
228406 139036 1 bhelmi2 69.5598 3 2 2.55581e-06 1 0.746268
223498 1854047 1 bhelmi2 69.332 3 2 2.55581e-06 1 0.472836
229388 2043964 1 bhelmi3 49.1489 3 2 1.67189e-06 1 -0.379992
232062 37928724 1 bhelmi3 20.729 3 2 1.67189e-06 1 0.742182
231201 3657440 1 bhelmi3 32.4595 3 2 1.67189e-06 1 -0.424614
237705 25774420 1 bhelmj 92.0593 3 2 1.71443e-06 1 -0.756927
233175 150607 1 bhelmj 61.1173 3 2 1.71443e-06 1 0.401206
236389 8509012 1 bhelmj 27.0583 3 2 1.71443e-06 1 -0.600694
237227 9246812 1 bhelmj 24.952 3 2 1.71443e-06 1 0.290179
233650 1979661 1 bhelmj 95.6161 3 2 1.71443e-06 1 -0.504072
235780 26438264 1 bhelmj 63.5967 3 2 1.71443e-06 1 -0.601893
239641 5538073 1 bhelmj_p12 20.2885 3 2 2.51369e-06 1 0.0876137
240871 12300187 1 bhelmj_p12 68.749 3 2 2.51369e-06 1 -0.759955
240893 7755996 1 bhelmj_p12 74.7492 3 2 2.51369e-06 1 0.499266
241060 1446946 1 bhelmj_p12 45.5763 3 2 2.51369e-06 1 -0.428849
242865 6174828 1 bhelmj_p13 45.4517 3 2 1.50474e-06 1 0.6354
243149 20387210 1 bhelmj_p13 58.4426 3 2 1.50474e-06 1 -0.56628
243252 8309464 1 bhelmj_p13 27.0353 3 2 1.50474e-06 1 -0.50002
244649 27249895 1 bhelmj_p13 56.2546 3 2 1.50474e-06 1 -0.722178
245280 12255026 1 bhelmj_p13 43.3374 3 2 1.50474e-06 1 -0.179693
242381 3362464 1 bhelmj_p13 41.9841 3 2 1.50474e-06 1 -0.456851
242728 2533553 1 bhelmj_p13 33.4791 3 2 1.50474e-06 1 -0.283947
246110 124257 1 bhelmj_p13 32.6817 3 2 1.50474e-06 1 -0.372494
154021 1352107 3 bhmu0d 46.2608 3 2 2.62946e-06 1 0.155954
155714 1690237 3 bhmu0d 27.919 3 2 2.62946e-06 1 -0.841974
166567 490760 4 bhmu0d 72.891 3 2 2.62946e-06 1 0.160619
183557 1288983 3 bhmu0d 28.4886 3 2 2.62946e-06 1 0.311914
184762 2561196 3 bhmu0d 75.7048 3 2 2.62946e-06 1 -0.17082
184802 3421801 3 bhmu0d 49.944 3 2 2.62946e-06 1 0.546477
199559 529292 3 bhmu0h 75.5341 3 2 2.19258e-06 1 -0.871757
200641 4222672 3 bhmu0h 33.5732 3 2 2.19258e-06 1 0.594756
203190 4519127 4 bhmu0h 102.875 3 2 2.19258e-06 1 -0.708416
205311 381660 4 bhmu0i 20.5177 3 2 3.11159e-06 1 0.285807
209191 2560941 4 bhmu0i 26.3344 3 2 3.11159e-06 1 -0.415682
209920 1634100 3 bhmu0i 35.4903 3 2 3.11159e-06 1 -0.304482
221804 8201945 3 bhmumi 37.8197 3 2 4.75706e-06 1 0.0564615
219477 4905560 4 bhmumi 76.1651 3 2 4.75706e-06 1 -0.275666
222530 4706480 3 bhmumi2 42.722 3 2 5.07838e-06 1 -0.793933
222532 3140079 3 bhmumi2 31.853 3 2 5.07838e-06 1 -0.348347
229388 14307857 3 bhmumi3 72.0312 3 2 3.21357e-06 1 -0.0198758
232088 6071848 3 bhmumi3 47.2248 3 2 3.21357e-06 1 0.658513
230005 2464234 3 bhmumi3 108.168 3 2 3.21357e-06 1 -0.91274
233070 8823189 3 bhmumi3 63.1695 3 2 3.21357e-06 1 -0.628621
236255 22788664 3 bhmumj 34.3815 3 2 3.31369e-06 1 -0.441834
237478 1018128 4 bhmumj 26.1222 3 2 3.31369e-06 1 -0.220012
233650 18770334 3 bhmumj 50.8171 3 2 3.31369e-06 1 -0.0989106
238817 3501228 4 bhmumj_p12 113.388 3 2 4.93783e-06 1 -0.922013
240115 3750933 3 bhmumj_p12 90.4926 3 2 4.93783e-06 1 -0.431062
241038 355286 3 bhmumj_p12 39.2504 3 2 4.93783e-06 1 -0.635236
241614 4758473 3 bhmumj_p12 55.2856 3 2 4.93783e-06 1 -0.700776
243712 13003227 4 bhmumj_p13 31.7723 3 2 2.98776e-06 1 0.164389
244460 27637939 4 bhmumj_p13 81.4402 3 2 2.98776e-06 1 -0.338373
245865 8185987 3 bhmumj_p13 62.7679 3 2 2.98776e-06 1 -0.57598
245280 13700912 3 bhmumj_p13 38.3354 3 2 2.98776e-06 1 -0.412482
243041 220182 4 bhmumj_p13 43.4354 3 2 2.98776e-06 1 0.732542
244190 395939 3 bhmumj_p13 58.1567 3 2 2.98776e-06 1 0.327662
244696 1817749 4 bhmumj_p13 38.2931 3 2 2.98776e-06 1 -0.31062
163130 1461281 2 bpel0d 28.1663 3 2 3.59923e-06 1 0.112152
192364 289279 2 bpel0h 26.2318 3 2 3.50158e-06 1 -0.729417
207488 3023965 2 bpel0i 26.9901 3 2 4.74239e-06 1 -0.403839
209986 6374197 2 bpel0i 38.3857 3 2 4.74239e-06 1 -0.644869
211198 6378383 2 bpel0i 37.5677 3 2 4.74239e-06 1 -0.297353
221605 11628697 2 bpelmi 54.8741 3 2 7.92858e-06 1 0.67236
221804 20058726 2 bpelmi 31.2233 3 2 7.92858e-06 1 0.834144
229534 5205679 2 bpelmi3 26.307 3 2 5.46612e-06 1 -0.85621
