1  0.073522  
2  0.0819612  
3  0.0941278  
4  0.104634  
5  0.118406  
6  0.131426  
7  0.14387  
8  0.158399  
9  0.173233  
10  0.187048  
11  0.202384  
12  0.217054  
13  0.230704  
14  0.245244  
15  0.258513  
16  0.271223  
17  0.283838  
18  0.296462  
19  0.308654  
20  0.319664  
21  0.331793  
22  0.343467  
23  0.355335  
24  0.366995  
25  0.378387  
26  0.389941  
27  0.401342  
28  0.412564  
29  0.423611  
30  0.434944  
31  0.446266  
32  0.457414  
33  0.46871  
34  0.479309  
35  0.490433  
36  0.501353  
37  0.512381  
38  0.523779  
39  0.534825  
40  0.548962  
41  0.559545  
42  0.570746  
43  0.581549  
44  0.592125  
45  0.603386  
46  0.61437  
47  0.625772  
48  0.636856  
49  0.64806  
50  0.659279  
51  0.669958  
52  0.68099  
53  0.692063  
54  0.702608  
55  0.713294  
56  0.723955  
57  0.735063  
58  0.746304  
59  0.756937  
60  0.767549  
61  0.778472  
62  0.789143  
63  0.799996  
64  0.810916  
65  0.821614  
66  0.832013  
67  0.843155  
68  0.853643  
69  0.864148  
70  0.874803  
71  0.885763  
72  0.896326  
73  0.907246  
74  0.918098  
75  0.929061  
76  0.93963  
77  0.95076  
78  0.961698  
79  0.972718  
80  0.983915  
81  0.994238  
82  1.00545  
83  1.01648  
84  1.02859  
85  1.04085  
86  1.05365  
87  1.0669  
88  1.08051  
89  1.09455  
90  1.10945  
91  1.12558  
92  1.14359  
93  1.16318  
94  1.18503  
95  1.21127  
96  1.24238  
97  1.28401  
