2 0.0430736 0.136387
3 0.0225831 0.140709
4 0.0449237 0.135794
5 0.040532 0.141054
6 0.0413977 0.142488
7 0.0418115 0.147853
8 0.0406894 0.157094
9 0.0417931 0.169094
10 0.0435352 0.181485
11 0.0458599 0.194904
12 0.0482956 0.208676
13 0.0506072 0.2209
14 0.0532113 0.234289
15 0.0565747 0.249451
16 0.0604149 0.264005
17 0.0652827 0.280626
18 0.0723831 0.298895
19 0.0796785 0.316628
20 0.089369 0.33461
21 0.0971026 0.351744
22 0.104401 0.365564
23 0.111938 0.378646
24 0.120685 0.390864
25 0.128867 0.404548
26 0.135864 0.41834
27 0.144259 0.430994
28 0.151914 0.443957
29 0.159307 0.45544
30 0.167838 0.468146
31 0.175505 0.479522
32 0.183828 0.491867
33 0.191953 0.502759
34 0.200396 0.514406
35 0.208486 0.526867
36 0.216364 0.538342
37 0.224517 0.549342
38 0.231784 0.560818
39 0.240532 0.571638
40 0.247979 0.58357
41 0.256838 0.596685
42 0.265254 0.607359
43 0.273237 0.618927
44 0.282238 0.630881
45 0.290329 0.642645
46 0.299319 0.65434
47 0.307769 0.666575
48 0.316367 0.679992
49 0.324066 0.690643
50 0.333403 0.704256
51 0.342163 0.715725
52 0.34998 0.72769
53 0.358958 0.738448
54 0.366833 0.750704
55 0.375517 0.763773
56 0.385108 0.775599
57 0.392813 0.787619
58 0.401459 0.798782
59 0.409794 0.81076
60 0.418151 0.822121
61 0.427134 0.834203
62 0.434923 0.84497
63 0.443493 0.857188
64 0.452421 0.869017
65 0.460128 0.881184
66 0.468669 0.892499
67 0.477031 0.903837
68 0.485665 0.914952
69 0.49453 0.926481
70 0.503401 0.937729
71 0.512416 0.950987
72 0.520366 0.961386
73 0.529635 0.973575
74 0.538194 0.985582
75 0.546944 0.996949
76 0.556889 1.00937
77 0.564525 1.01822
78 0.572743 1.03004
79 0.582601 1.04303
80 0.591917 1.05501
81 0.602417 1.06681
82 0.612601 1.0813
83 0.623538 1.09384
84 0.633216 1.10886
85 0.643551 1.12211
86 0.655478 1.13684
87 0.667445 1.15296
88 0.679166 1.16821
89 0.692354 1.18471
90 0.704852 1.20385
91 0.719855 1.22457
92 0.733264 1.24492
93 0.749168 1.27023
94 0.766823 1.29961
95 0.784247 1.33191
96 0.804513 1.37355
97 0.827462 1.43776
98 0.852339 1.51672
99 0.878251  2.49775
100 0.890126 2.49775
