  1 0.00819437 0.073522
  2 0.0090384 0.0819612
  3 0.0105475 0.0941278
  4 0.0128344 0.104634
  5 0.0159202 0.118406
  6 0.0194421 0.131426
  7 0.0227364 0.14387
  8 0.0272437 0.158399
  9 0.0320064 0.173233
 10 0.0360143 0.187048
 11 0.0404548 0.202384
 12 0.0462537 0.217054
 13 0.0514676 0.230704
 14 0.0568939 0.245244
 15 0.0632943 0.258513
 16 0.0699803 0.271223
 17 0.0771158 0.283838
 18 0.084405 0.296462
 19 0.0915717 0.308654
 20 0.0987783 0.319664
 21 0.106229 0.331793
 22 0.113567 0.343467
 23 0.12117 0.355335
 24 0.128731 0.366995
 25 0.13657 0.378387
 26 0.144307 0.389941
 27 0.152095 0.401342
 28 0.16009 0.412564
 29 0.167957 0.423611
 30 0.175945 0.434944
 31 0.184102 0.446266
 32 0.192446 0.457414
 33 0.200818 0.46871
 34 0.209551 0.479309
 35 0.21802 0.490433
 36 0.226569 0.501353
 37 0.235168 0.512381
 38 0.243732 0.523779
 39 0.252211 0.534825
 40 0.258936 0.548962
 41 0.267842 0.559545
 42 0.276521 0.570746
 43 0.285072 0.581549
 44 0.293829 0.592125
 45 0.302574 0.603386
 46 0.311414 0.61437
 47 0.320336 0.625772
 48 0.329184 0.636856
 49 0.338071 0.64806
 50 0.346955 0.659279
 51 0.355845 0.669958
 52 0.364626 0.68099
 53 0.373551 0.692063
 54 0.382462 0.702608
 55 0.391113 0.713294
 56 0.399839 0.723955
 57 0.408568 0.735063
 58 0.417359 0.746304
 59 0.425992 0.756937
 60 0.434921 0.767549
 61 0.443692 0.778472
 62 0.452358 0.789143
 63 0.461212 0.799996
 64 0.470095 0.810916
 65 0.478904 0.821614
 66 0.487453 0.832013
 67 0.496541 0.843155
 68 0.505327 0.853643
 69 0.514074 0.864148
 70 0.522869 0.874803
 71 0.531466 0.885763
 72 0.540249 0.896326
 73 0.549226 0.907246
 74 0.558374 0.918098
 75 0.567552 0.929061
 76 0.576496 0.93963
 77 0.585635 0.95076
 78 0.594782 0.961698
 79 0.604096 0.972718
 80 0.613365 0.983915
 81 0.622024 0.994238
 82 0.631766 1.00545
 83 0.641288 1.01648
 84 0.651355 1.02859
 85 0.661808 1.04085
 86 0.672485 1.05365
 87 0.683595 1.0669
 88 0.695249 1.08051
 89 0.706988 1.09455
 90 0.719513 1.10945
 91 0.732642 1.12558
 92 0.746639 1.14359
 93 0.761305 1.16318
 94 0.776783 1.18503
 95 0.794033 1.21127
 96 0.812382 1.24238
 97 0.832849 1.28401
 98 0.856783 1.34999
 99 0.886868 2.49888
100 0.896473 2.49775
