1  0.00819437  
2  0.0090384  
3  0.0105475  
4  0.0128344  
5  0.0159202  
6  0.0194421  
7  0.0227364  
8  0.0272437  
9  0.0320064  
10  0.0360143  
11  0.0404548  
12  0.0462537  
13  0.0514676  
14  0.0568939  
15  0.0632943  
16  0.0699803  
17  0.0771158  
18  0.084405  
19  0.0915717  
20  0.0987783  
21  0.106229  
22  0.113567  
23  0.12117  
24  0.128731  
25  0.13657  
26  0.144307  
27  0.152095  
28  0.16009  
29  0.167957  
30  0.175945  
31  0.184102  
32  0.192446  
33  0.200818  
34  0.209551  
35  0.21802  
36  0.226569  
37  0.235168  
38  0.243732  
39  0.252211  
40  0.258936  
41  0.267842  
42  0.276521  
43  0.285072  
44  0.293829  
45  0.302574  
46  0.311414  
47  0.320336  
48  0.329184  
49  0.338071  
50  0.346955  
51  0.355845  
52  0.364626  
53  0.373551  
54  0.382462  
55  0.391113  
56  0.399839  
57  0.408568  
58  0.417359  
59  0.425992  
60  0.434921  
61  0.443692  
62  0.452358  
63  0.461212  
64  0.470095  
65  0.478904  
66  0.487453  
67  0.496541  
68  0.505327  
69  0.514074  
70  0.522869  
71  0.531466  
72  0.540249  
73  0.549226  
74  0.558374  
75  0.567552  
76  0.576496  
77  0.585635  
78  0.594782  
79  0.604096  
80  0.613365  
81  0.622024  
82  0.631766  
83  0.641288  
84  0.651355  
85  0.661808  
86  0.672485  
87  0.683595  
88  0.695249  
89  0.706988  
90  0.719513  
91  0.732642  
92  0.746639  
93  0.761305  
94  0.776783  
95  0.794033  
96  0.812382  
97  0.832849  
98  0.856783  
99  0.886868  
