2 0.00371669 0.15263
3 0 0.17715
4 0.00447126 0.157188
5 0 0.172577
6 0.00280734 0.179563
7 0.00523386 0.196211
8 0.00618084 0.214037
9 0.00836864 0.238259
10 0.011761 0.259447
11 0.0139407 0.278687
12 0.0174826 0.300097
13 0.0185069 0.320886
14 0.0210901 0.341214
15 0.0236776 0.361804
16 0.0266921 0.381935
17 0.0305997 0.402533
18 0.0327264 0.418744
19 0.0366494 0.434044
20 0.0386969 0.443454
21 0.0414832 0.46191
22 0.0461821 0.478787
23 0.0503236 0.495051
24 0.0564713 0.511239
25 0.0617135 0.528166
26 0.0665544 0.547287
27 0.0729777 0.560621
28 0.0784278 0.576255
29 0.0862627 0.593339
30 0.0924841 0.607636
31 0.0988894 0.623641
32 0.105859 0.637113
33 0.113849 0.651426
34 0.121787 0.665376
35 0.12794 0.679456
36 0.134957 0.693716
37 0.142806 0.706771
38 0.149193 0.721978
39 0.157656 0.733864
40 0.164667 0.750212
41 0.170323 0.762601
42 0.180354 0.774786
43 0.187806 0.786472
44 0.195936 0.798133
45 0.203201 0.81207
46 0.210189 0.823867
47 0.216889 0.836945
48 0.224465 0.84979
49 0.231739 0.862225
50 0.238799 0.874384
51 0.245754 0.886973
52 0.2537 0.900226
53 0.261039 0.91291
54 0.268835 0.926165
55 0.274685 0.937958
56 0.283503 0.949766
57 0.290502 0.964059
58 0.299593 0.975104
59 0.307095 0.989111
60 0.313485 1.00185
61 0.321208 1.0136
62 0.3287 1.02596
63 0.336215 1.03993
64 0.344543 1.05382
65 0.352538 1.06681
66 0.360682 1.08147
67 0.370222 1.09518
68 0.377676 1.10814
69 0.387722 1.12207
70 0.396182 1.13693
71 0.404782 1.1529
72 0.414841 1.16936
73 0.424199 1.18354
74 0.433695 1.20115
75 0.444444 1.21843
76 0.454297 1.23451
77 0.465952 1.25238
78 0.47463 1.27174
79 0.486664 1.29214
80 0.499195 1.31718
81 0.510083 1.33387
82 0.521466 1.36398
83 0.533317 1.37751
84 0.547101 1.43173
85 0.559285 1.46682
86 0.571971 1.47424
87 0.585143 1.54346
88 0.599422 1.63854
89 0.615163 2.49856
90 0.619222 1.82579
91 0.629901 2.25162
92 0.638643 2.4979
93 0.646209 2.02315
94 0.654234 1.98763
95 0.662042 2.11479
96 0.670992 2.20486
97 0.679483 2.49822
98 0.688029 2.49895
99 0.69687 2.49894
100 0.705182 2.49895
