1  0  
2  0  
3  0  
4  0  
5  0  
6  0  
7  0  
8  0  
9  0  
10  0  
11  0  
12  0  
13  0  
14  0  
15  0  
16  0  
17  0  
18  0  
19  0  
20  0  
21  0  
22  0.0333348  
23  0.0381275  
24  0.0430152  
25  0.0483343  
26  0.0535128  
27  0.0590282  
28  0.0648466  
29  0.0713088  
30  0.0776133  
31  0.0836046  
32  0.0898884  
33  0.096366  
34  0.105879  
35  0.112646  
36  0.119693  
37  0.126904  
38  0.133542  
39  0.135  
40  0.137612  
41  0.143433  
42  0.150729  
43  0.158845  
44  0.167639  
45  0.175151  
46  0.182944  
47  0.190271  
48  0.198403  
49  0.206174  
50  0.213749  
51  0.222098  
52  0.229889  
53  0.237242  
54  0.245543  
55  0.253673  
56  0.261706  
57  0.269608  
58  0.277832  
59  0.285677  
60  0.293713  
61  0.301561  
62  0.309596  
63  0.317691  
64  0.326262  
65  0.334974  
66  0.344272  
67  0.352263  
68  0.361964  
69  0.371018  
70  0.380596  
71  0.389315  
72  0.398625  
73  0.408827  
74  0.419188  
75  0.429386  
76  0.440162  
77  0.450753  
78  0.461808  
79  0.472687  
80  0.483599  
81  0.495447  
82  0.507453  
83  0.519219  
84  0.530956  
85  0.543172  
86  0.555108  
87  0.565981  
88  0.575871  
89  0.584659  
90  0.593594  
91  0.602611  
92  0.612077  
93  0.621246  
94  0.630077  
95  0.639081  
96  0.647718  
97  0.655851  
98  0.664155  
99  0.67357  
100  0.682408  
