1  0.168197  
2  0.18033  
3  0.200937  
4  0.20415  
5  0.216299  
6  0.229023  
7  0.239367  
8  0.252515  
9  0.266605  
10  0.278204  
11  0.292796  
12  0.303069  
13  0.321697  
14  0.340991  
15  0.359699  
16  0.378109  
17  0.395573  
18  0.413728  
19  0.431546  
20  0.446949  
21  0.465919  
22  0.483128  
23  0.4981  
24  0.513215  
25  0.527832  
26  0.542607  
27  0.557144  
28  0.571568  
29  0.585401  
30  0.59861  
31  0.612125  
32  0.62499  
33  0.638508  
34  0.645377  
35  0.658185  
36  0.671214  
37  0.684465  
38  0.697048  
39  0.72  
40  0.742272  
41  0.75849  
42  0.770025  
43  0.780805  
44  0.791276  
45  0.802942  
46  0.813387  
47  0.824421  
48  0.835583  
49  0.847262  
50  0.858833  
51  0.870191  
52  0.881593  
53  0.89296  
54  0.904729  
55  0.916535  
56  0.928038  
57  0.939761  
58  0.950601  
59  0.962913  
60  0.97529  
61  0.987026  
62  0.998765  
63  1.01071  
64  1.02251  
65  1.03495  
66  1.04751  
67  1.06032  
68  1.07272  
69  1.08658  
70  1.10032  
71  1.11519  
72  1.13128  
73  1.14578  
74  1.16019  
75  1.17414  
76  1.19042  
77  1.20835  
78  1.22647  
79  1.24716  
80  1.26816  
81  1.29196  
82  1.3157  
83  1.34213  
84  1.38008  
85  1.41917  
86  1.47637  
87  1.53622  
88  1.58193  
89  1.60818  
90  1.61105  
91  1.65337  
92  1.7351  
93  1.76694  
94  1.8451  
95  2.22734  
96  2.49816  
97  2.49855  
98  2.49979  
99  2.49969  
100  2.49937  
