2 0 0.174614
3 0 0.205045
4 0 0.181785
5 0 0.216873
6 0 0.21659
7 0 0.231181
8 0 0.246664
9 0 0.270751
10 0 0.287711
11 0 0.304133
12 0.00190992 0.326114
13 0.00204076 0.351413
14 0.00322049 0.375494
15 0.00334398 0.396422
16 0.00369588 0.416618
17 0.00531169 0.436817
18 0.00683277 0.455777
19 0.012607 0.482125
20 0.0167112 0.499669
21 0.0177101 0.518531
22 0.02176 0.537022
23 0.0248162 0.556061
24 0.0301616 0.575606
25 0.0342084 0.595386
26 0.038354 0.616812
27 0.0432305 0.632755
28 0.04768 0.649783
29 0.0552597 0.66869
30 0.0602399 0.686277
31 0.0660784 0.704504
32 0.0720417 0.720573
33 0.0796572 0.735697
34 0.087024 0.750804
35 0.0922174 0.766827
36 0.0986395 0.78173
37 0.105937 0.79389
38 0.112102 0.814223
39 0.12018 0.825888
40 0.126741 0.842721
41 0.131293 0.858241
42 0.141311 0.867044
43 0.148451 0.879434
44 0.156074 0.891007
45 0.163055 0.906497
46 0.169354 0.919913
47 0.175497 0.935664
48 0.182426 0.948269
49 0.189722 0.961078
50 0.195774 0.972705
51 0.202371 0.988106
52 0.210488 0.999097
53 0.217109 1.01449
54 0.224784 1.02694
55 0.22931 1.04132
56 0.237628 1.0549
57 0.244775 1.0703
58 0.253568 1.08156
59 0.261143 1.09697
60 0.267124 1.11149
61 0.275738 1.12665
62 0.283825 1.14095
63 0.291619 1.15818
64 0.300396 1.1761
65 0.308113 1.1893
66 0.31743 1.20859
67 0.327745 1.22347
68 0.335165 1.24159
69 0.345542 1.25837
70 0.355105 1.27872
71 0.363485 1.30004
72 0.375576 1.32478
73 0.384587 1.34477
74 0.395215 1.37121
75 0.406911 1.39665
76 0.417872 1.43183
77 0.429997 1.46124
78 0.440141 1.51604
79 0.452094 1.5627
80 0.462762 1.60292
81 0.476436 1.74572
82 0.485568 2.49761
83 0.49457 2.49938
84 0.500257 2.18128
85 0.508333 2.49827
86 0.517394 2.49941
87 0.524008 2.49907
88 0.532124 2.49883
89 0.540581 2.4992
90 0.544588 2.35306
91 0.553212 2.49851
92 0.562105 2.49883
93 0.569036 2.45111
94 0.576107 2.28991
95 0.583063 2.4658
96 0.591327 2.49775
97 0.599929 2.49901
98 0.607906 2.49942
99 0.616886 2.49941
100 0.623985 2.49942
