 1 0           0.168197
 2 0           0.18033
 3 0           0.200937
 4 0           0.20415
 5 0           0.216299
 6 0           0.229023
 7 0           0.239367
 8 0           0.252515
 9 0           0.266605
10 0           0.278204
11 0           0.292796
12 0           0.303069
13 0           0.321697
14 0           0.340991
15 0           0.359699
16 0           0.378109
17 0           0.395573
18 0           0.413728
19 0           0.431546
20 0           0.446949
21 0           0.465919
22 0.0333348   0.483128
23 0.0381275   0.4981
24 0.0430152   0.513215
25 0.0483343   0.527832
26 0.0535128   0.542607
27 0.0590282   0.557144
28 0.0648466   0.571568
29 0.0713088   0.585401
30 0.0776133   0.59861
31 0.0836046   0.612125
32 0.0898884   0.62499
33 0.096366    0.638508
34 0.105879    0.645377
35 0.112646    0.658185
36 0.119693    0.671214
37 0.126904    0.684465
38 0.133542    0.697048
39 0.135       0.72
40 0.137612    0.742272
41 0.143433    0.75849
42 0.150729    0.770025
43 0.158845    0.780805
44 0.167639    0.791276
45 0.175151    0.802942
46 0.182944    0.813387
47 0.190271    0.824421
48 0.198403    0.835583
49 0.206174    0.847262
50 0.213749    0.858833
51 0.222098    0.870191
52 0.229889    0.881593
53 0.237242    0.89296
54 0.245543    0.904729
55 0.253673    0.916535
56 0.261706    0.928038
57 0.269608    0.939761
58 0.277832    0.950601
59 0.285677    0.962913
60 0.293713    0.97529
61 0.301561    0.987026
62 0.309596    0.998765
63 0.317691    1.01071
64 0.326262    1.02251
65 0.334974    1.03495
66 0.344272    1.04751
67 0.352263    1.06032
68 0.361964    1.07272
69 0.371018    1.08658
70 0.380596    1.10032
71 0.389315    1.11519
72 0.398625    1.13128
73 0.408827    1.14578
74 0.419188    1.16019
75 0.429386    1.17414
76 0.440162    1.19042
77 0.450753    1.20835
78 0.461808    1.22647
79 0.472687    1.24716
80 0.483599    1.26816
81 0.495447    1.29196
82 0.507453    1.3157
83 0.519219    1.34213
84 0.530956    1.38008
85 0.543172    1.41917
86 0.555108    1.47637
87 0.565981    1.53622
88 0.575871    1.58193
89 0.584659    1.60818
90 0.593594    1.61105
91 0.602611    1.65337
92 0.612077    1.7351
93 0.621246    1.76694
94 0.630077    1.8451
95 0.639081    2.22734
96 0.647718    2.49816
97 0.655851    2.49855
98 0.664155    2.49979
99 0.67357     2.49969
100 0.682408   2.49937
