0.034  0.0038  
0.046  0.0086  
0.057  0.0262  
0.068  0.0493  
0.080  0.0650  
0.091  0.0713  
0.103  0.0755  
0.114  0.0965  
0.126  0.1084  
0.137  0.1243  
0.148  0.1316  
0.160  0.1484  
0.171  0.1594  
0.183  0.1689  
0.194  0.1835  
0.205  0.1988  
0.217  0.2022  
0.228  0.2200  
0.240  0.2336  
0.251  0.2459  
0.262  0.2447  
0.274  0.2693  
0.285  0.2779  
0.297  0.2907  
0.308  0.3054  
0.320  0.3077  
0.331  0.3299  
0.342  0.3401  
0.354  0.3541  
0.365  0.3641  
0.377  0.3669  
0.388  0.3800  
0.399  0.4014  
0.411  0.4058  
0.422  0.4230  
0.434  0.4339  
0.445  0.4383  
0.456  0.4561  
0.468  0.4630  
0.479  0.4781  
0.491  0.4911  
0.502  0.5045  
0.513  0.5125  
0.525  0.5249  
0.536  0.5359  
0.548  0.5430  
0.559  0.5610  
0.571  0.5726  
0.582  0.5745  
0.593  0.5889  
0.605  0.5986  
0.616  0.6245  
0.628  0.6246  
0.639  0.6291  
0.650  0.6468  
0.662  0.6561  
0.673  0.6791  
0.685  0.6780  
0.696  0.6981  
0.707  0.7043  
0.719  0.7100  
0.730  0.7374  
0.742  0.7462  
0.753  0.7566  
0.765  0.7564  
0.776  0.7701  
0.787  0.7814  
0.799  0.7968  
0.810  0.7727  
0.822  0.8223  
0.833  0.8280  
0.844  0.8472  
0.856  0.8529  
0.867  0.8672  
0.879  0.8629  
0.890  0.8796  
0.901  0.8852  
0.913  0.8538  
0.924  0.9129  
0.936  0.9326  
0.947  0.9455  
0.981  0.9846  
0.993  0.99  
