0.411  0.4084 3200.4
0.422  0.4229 3124.3
0.434  0.4342 3156.3
0.445  0.4509 3066.4
0.456  0.4474 3051.2
0.468  0.4670 3072.9
0.479  0.4741 2961.5
0.491  0.4930 3040.6
0.502  0.5091 2903.6
0.513  0.5181 3024.2
0.525  0.5237 2839.3
0.536  0.5527 2967.8
0.548  0.5507 2884.8
0.559  0.5688 2841.0
0.571  0.5684 2837.6
0.582  0.5805 2869.1
0.593  0.5879 2741.3
0.605  0.6141 2778.6
0.616  0.6114 2704.0
0.628  0.6290 2764.4
0.639  0.6370 2738.5
0.650  0.6450 2680.1
0.662  0.6547 2680.0
0.673  0.6789 2666.9
0.685  0.6834 2625.2
0.696  0.6945 2633.4
0.707  0.7149 2618.1
0.719  0.7229 2598.5
0.730  0.7196 2543.5
0.742  0.7399 2548.8
0.753  0.7515 2564.2
0.765  0.7573 2541.5
0.776  0.7837 2538.0
0.787  0.7890 2503.3
0.799  0.8008 2506.9
0.810  0.8077 2494.0
0.822  0.8069 2433.0
0.833  0.8352 2457.7
0.844  0.8510 2458.7
0.856  0.8454 2446.6
0.867  0.8724 2434.8
0.879  0.8865 2429.0
0.890  0.8914 2396.1
0.901  0.9158 2439.7
0.913  0.9131 2446.7
0.924  0.9375 2382.2
0.936  0.9238 2309.7
0.947  0.9652 2380.3
0.959  0.9667 2301.0
0.970  0.9376 2255.5
0.981  0.9876 2260.7
0.993  0.9990 2299.6
