0.0060  6683.8  
0.0084  6493.2  
0.0305  6239.3  
0.0437  5898.1  
0.0603  5661.2  
0.0691  5380.2  
0.0823  5184.5  
0.0977  4950.9  
0.1112  4728.4  
0.1212  4526.5  
0.1429  4530.5  
0.1481  4233.3  
0.1630  4105.3  
0.1759  4000.6  
0.1841  3931.7  
0.1987  3805.9  
0.2075  3758.6  
0.2239  3557.8  
0.2343  3603.4  
0.2384  3496.4  
0.2603  3480.4  
0.2604  3319.4  
0.2798  3345.7  
0.2927  3245.8  
0.3000  3235.3  
0.3053  3139.4  
0.3294  3151.9  
0.3362  3052.3  
0.3456  3006.5  
0.3602  2944.9  
0.3660  2955.7  
0.3755  2910.6  
0.3945  2871.1  
0.4000  2851.2  
0.4208  2811.1  
0.4366  2777.4  
0.4356  2727.6  
0.4553  2729.2  
0.4697  2710.1  
0.4684  2599.2  
0.4944  2672.1  
0.4980  2563.2  
0.5040  2536.1  
0.5275  2537.1  
0.5375  2495.5  
0.5381  2468.7  
0.5523  2439.1  
0.5678  2418.2  
0.5756  2414.2  
0.5976  2376.9  
0.5919  2334.5  
0.6099  2335.7  
0.6142  2320.6  
0.6373  2265.7  
0.6466  2272.4  
0.6505  2237.1  
0.6700  2219.9  
0.6848  2236.8  
0.6922  2218.0  
0.6961  2279.4  
0.7126  2186.0  
0.7250  2168.1  
0.7374  2151.4  
0.7440  2121.1  
0.7553  2090.3  
0.7662  2085.6  
0.7865  2081.3  
0.7862  2084.2  
0.8109  2082.1  
0.8266  2065.2  
0.8352  2047.2  
0.8480  2046.9  
0.8728  2066.6  
0.8674  1989.7  
0.9057  2008.9  
0.9173  1995.5  
0.9286  1939.6  
0.9438  1874.6  
0.9701  1888.6  
0.9864  1842.9  
