0.427506  0.4  
0.438475  0.41  
0.44928  0.42  
0.459924  0.43  
0.470438  0.44  
0.480839  0.45  
0.491148  0.46  
0.501385  0.47  
0.511567  0.48  
0.52171  0.49  
0.531828  0.5  
0.541926  0.51  
0.552015  0.52  
0.562106  0.53  
0.572203  0.54  
0.582309  0.55  
0.592425  0.56  
0.602558  0.57  
0.612707  0.58  
0.622874  0.59  
0.633057  0.6  
0.643254  0.61  
0.653464  0.62  
0.663684  0.63  
0.67391  0.64  
0.684134  0.65  
0.694358  0.66  
0.70458  0.67  
0.714795  0.68  
0.724998  0.69  
0.735197  0.7  
0.745385  0.71  
0.75557  0.72  
0.765753  0.73  
0.775939  0.74  
0.786132  0.75  
0.796344  0.76  
0.806567  0.77  
0.816813  0.78  
0.827083  0.79  
0.837373  0.8  
0.847677  0.81  
0.857981  0.82  
0.868268  0.83  
0.878516  0.84  
0.888695  0.85  
0.898773  0.86  
0.908708  0.87  
0.918465  0.88  
0.928005  0.89  
0.937289  0.9  
0.946282  0.91  
0.954953  0.92  
0.963275  0.93  
0.971226  0.94  
0.978789  0.95  
0.985951  0.96  
0.992696  0.97  
0.999018  0.98  
1.00492  0.99  
1.01041  1  
