0.20  3877.0000
0.24  3683.6700
0.28  3536.5500
0.32  3411.0000
0.36  3312.7900
0.40  3227.8000
0.41  3210.2000
0.42  3178.2700
0.43  3153.6900
0.44  3134.7400
0.45  3105.4600
0.46  3078.4800
0.47  3051.8900
0.48  3028.0000
0.49  3006.3800
0.50  2983.1600
0.51  2966.6200
0.52  2945.4200
0.53  2926.2000
0.54  2911.4000
0.55  2893.3000
0.56  2876.7000
0.57  2857.1600
0.58  2833.9400
0.59  2815.0300
0.60  2805.5900
0.61  2785.4200
0.62  2769.7700
0.63  2753.4400
0.64  2736.0200
0.65  2719.9100
0.66  2704.4300
0.67  2686.8700
0.68  2670.0500
0.69  2658.5200
0.70  2644.9100
0.71  2628.1800
0.72  2620.0700
0.73  2603.8100
0.74  2590.8800
0.75  2573.6200
0.76  2561.6900
0.77  2548.9200
0.78  2536.2400
0.79  2526.5000
0.80  2512.4300
0.81  2501.2400
0.82  2493.7300
0.83  2488.7200
0.84  2472.5600
0.85  2457.0600
0.86  2444.6300
0.87  2433.2300
0.88  2424.3300
0.89  2416.9200
0.90  2409.6500
0.91  2401.3100
0.92  2386.7100
0.93  2375.9200
0.94  2365.4100
0.95  2353.9300
0.96  2346.1700
0.97  2339.1900
0.98  2327.4700
0.99  2321.3900
1.00  2315.7000
