0.0038  6773.4  
0.0086  6491.6  
0.0262  6121.2  
0.0493  5872.1  
0.0650  5535.8  
0.0713  5424.7  
0.0755  5115.6  
0.0965  4883.5  
0.1084  4655.9  
0.1243  4523.0  
0.1316  4341.1  
0.1484  4143.0  
0.1594  4137.2  
0.1689  3914.7  
0.1835  3872.9  
0.1988  3685.5  
0.2022  3695.4  
0.2200  3635.2  
0.2336  3506.6  
0.2459  3419.2  
0.2447  3344.1  
0.2693  3296.7  
0.2779  3211.1  
0.2907  3166.2  
0.3054  3201.4  
0.3077  3078.2  
0.3299  3036.0  
0.3401  2935.9  
0.3541  2986.5  
0.3641  2896.2  
0.3669  2865.9  
0.3800  2803.9  
0.4014  2823.6  
0.4058  2731.2  
0.4230  2704.4  
0.4339  2698.0  
0.4383  2643.2  
0.4561  2598.0  
0.4630  2575.3  
0.4781  2553.5  
0.4911  2499.7  
0.5045  2474.3  
0.5125  2457.8  
0.5249  2430.5  
0.5359  2391.9  
0.5430  2390.6  
0.5610  2354.3  
0.5726  2348.3  
0.5745  2331.3  
0.5889  2250.8  
0.5986  2265.8  
0.6245  2269.2  
0.6246  2202.0  
0.6291  2193.9  
0.6468  2190.0  
0.6561  2143.2  
0.6791  2178.0  
0.6780  2124.3  
0.6981  2161.2  
0.7043  2099.7  
0.7100  2079.7  
0.7374  2115.9  
0.7462  2051.8  
0.7566  2042.6  
0.7564  1982.9  
0.7701  2010.7  
0.7814  1990.4  
0.7968  1960.3  
0.7727  1934.5  
0.8223  1987.1  
0.8280  1918.3  
0.8472  1938.6  
0.8529  1933.4  
0.8672  1917.5  
0.8629  1840.9  
0.8796  1875.0  
0.8852  1925.0  
0.8538  1863.8  
0.9129  1875.9  
0.9326  1888.8  
0.9455  1836.7  
0.9846  1823.5  
0.99  1782.5  
