0.20  0.1919
0.24  0.2326
0.28  0.2740
0.32  0.3155
0.36  0.3574
0.40  0.3992
0.41  0.4096
0.42  0.4200
0.43  0.4303
0.44  0.4405
0.45  0.4509
0.46  0.4612
0.47  0.4715
0.48  0.4818
0.49  0.4922
0.50  0.5024
0.51  0.5126
0.52  0.5227
0.53  0.5329
0.54  0.5430
0.55  0.5530
0.56  0.5629
0.57  0.5731
0.58  0.5832
0.59  0.5932
0.60  0.6034
0.61  0.6135
0.62  0.6235
0.63  0.6335
0.64  0.6436
0.65  0.6536
0.66  0.6636
0.67  0.6736
0.68  0.6836
0.69  0.6936
0.70  0.7035
0.71  0.7135
0.72  0.7234
0.73  0.7334
0.74  0.7433
0.75  0.7532
0.76  0.7630
0.77  0.7729
0.78  0.7828
0.79  0.7928
0.80  0.8026
0.81  0.8125
0.82  0.8225
0.83  0.8324
0.84  0.8422
0.85  0.8520
0.86  0.8619
0.87  0.8718
0.88  0.8817
0.89  0.8914
0.90  0.9012
0.91  0.9111
0.92  0.9209
0.93  0.9308
0.94  0.9406
0.95  0.9504
0.96  0.9602
0.97  0.9700
0.98  0.9797
0.99  0.9894
1.00  0.9991
