0.034  0.0011 7060.3
0.057  0.0340 6625.1
0.068  0.0516 6265.9
0.080  0.0615 5860.8
0.091  0.0706 5709.1
0.103  0.0910 5475.7
0.114  0.1013 5162.0
0.126  0.1207 4993.6
0.137  0.1278 4805.5
0.148  0.1348 4625.0
0.160  0.1500 4436.2
0.171  0.1594 4393.3
0.183  0.1695 4246.9
0.194  0.1779 4134.4
0.205  0.1918 4103.3
0.217  0.2055 4013.2
0.228  0.2143 3883.3
0.240  0.2307 3956.2
0.251  0.2342 3779.2
0.262  0.2468 3778.2
0.274  0.2592 3748.7
0.285  0.2692 3655.8
0.297  0.2883 3613.9
0.308  0.2956 3550.0
0.320  0.3011 3512.6
0.331  0.3178 3466.5
0.342  0.3343 3385.9
0.354  0.3425 3405.9
0.365  0.3480 3336.4
0.377  0.3635 3287.9
0.388  0.3732 3252.4
0.399  0.3962 3275.8
0.411  0.3980 3222.2
0.422  0.4064 3182.5
0.434  0.4268 3170.2
0.445  0.4352 3094.4
0.456  0.4415 3069.7
0.468  0.4613 3078.5
0.479  0.4691 2975.6
0.491  0.4879 3023.4
0.502  0.4983 2916.1
0.513  0.5120 3021.1
0.525  0.5156 2859.5
0.536  0.5431 2956.2
0.548  0.5478 2884.0
0.559  0.5611 2841.0
0.571  0.5740 2827.6
0.582  0.5826 2857.4
0.593  0.5831 2744.4
0.605  0.6054 2782.1
0.616  0.6069 2709.6
0.628  0.6274 2761.3
0.639  0.6383 2732.9
0.650  0.6449 2679.9
0.662  0.6520 2678.7
0.673  0.6757 2669.4
0.685  0.6825 2625.6
0.696  0.6946 2633.2
0.707  0.7120 2618.7
0.719  0.7211 2600.7
0.730  0.7195 2543.8
0.742  0.7388 2549.9
0.753  0.7515 2564.2
0.765  0.7577 2541.3
0.776  0.7834 2537.8
0.787  0.7889 2503.3
0.799  0.8006 2506.8
0.810  0.8078 2494.0
0.822  0.8070 2433.1
0.833  0.8351 2457.8
0.844  0.8509 2458.8
0.856  0.8438 2443.1
0.867  0.8725 2434.8
0.879  0.8863 2428.7
0.890  0.8910 2396.0
0.901  0.9155 2439.3
0.913  0.9129 2446.8
0.924  0.9376 2383.5
0.959  0.9666 2300.9
0.981  0.9875 2260.6
0.993  0.9989 2299.4
