0.4  3340.06  
0.41  3306.03  
0.42  3273.83  
0.43  3243.04  
0.44  3213.35  
0.45  3184.51  
0.46  3156.34  
0.47  3128.71  
0.48  3101.54  
0.49  3074.77  
0.5  3048.38  
0.51  3022.37  
0.52  2996.74  
0.53  2971.51  
0.54  2946.71  
0.55  2922.37  
0.56  2898.52  
0.57  2875.17  
0.58  2852.37  
0.59  2830.13  
0.6  2808.47  
0.61  2787.41  
0.62  2766.94  
0.63  2747.07  
0.64  2727.81  
0.65  2709.14  
0.66  2691.06  
0.67  2673.56  
0.68  2656.61  
0.69  2640.21  
0.7  2624.35  
0.71  2609.01  
0.72  2594.18  
0.73  2579.85  
0.74  2566.02  
0.75  2552.68  
0.76  2539.85  
0.77  2527.52  
0.78  2515.7  
0.79  2504.41  
0.8  2493.65  
0.81  2483.45  
0.82  2473.8  
0.83  2464.7  
0.84  2456.16  
0.85  2448.14  
0.86  2440.59  
0.87  2433.46  
0.88  2426.66  
0.89  2420.05  
0.9  2413.5  
0.91  2406.83  
0.92  2399.86  
0.93  2392.38  
0.94  2384.2  
0.95  2375.11  
0.96  2364.96  
0.97  2353.6  
0.98  2341  
0.99  2327.19  
1  2312.34  
