41  0.260939  
42  0.269423  
44  0.286929  
45  0.295751  
46  0.304541  
47  0.313211  
48  0.321835  
49  0.330706  
50  0.339247  
51  0.348051  
52  0.356921  
53  0.365568  
54  0.374302  
55  0.383178  
56  0.391971  
57  0.400475  
58  0.4094  
59  0.418365  
60  0.427149  
61  0.436054  
62  0.444797  
63  0.453616  
64  0.462659  
65  0.471523  
66  0.480236  
67  0.489054  
68  0.497865  
69  0.506785  
70  0.51555  
71  0.524495  
72  0.533275  
73  0.54206  
74  0.550725  
75  0.559828  
76  0.56881  
77  0.577705  
78  0.586427  
79  0.59561  
80  0.60442  
81  0.613315  
82  0.6229  
83  0.632709  
84  0.643003  
85  0.653193  
86  0.664133  
87  0.675434  
88  0.68675  
89  0.698588  
90  0.711231  
91  0.72457  
92  0.738735  
93  0.75404  
94  0.769945  
95  0.786808  
96  0.805922  
97  0.826419  
98  0.848872  
99  0.874259  
