41  0.533531  
42  0.544795  
44  0.567896  
45  0.579484  
46  0.590844  
47  0.602219  
48  0.613571  
49  0.625253  
50  0.636611  
51  0.647815  
52  0.659187  
53  0.670534  
54  0.681482  
55  0.692876  
56  0.703722  
57  0.714969  
58  0.726468  
59  0.738014  
60  0.749159  
61  0.760297  
62  0.771282  
63  0.782715  
64  0.794352  
65  0.80545  
66  0.816792  
67  0.827914  
68  0.838981  
69  0.849551  
70  0.860442  
71  0.871379  
72  0.881722  
73  0.892652  
74  0.903337  
75  0.914527  
76  0.925148  
77  0.935785  
78  0.946665  
79  0.957548  
80  0.968406  
81  0.97942  
82  0.990668  
83  1.00253  
84  1.01486  
85  1.02681  
86  1.03983  
87  1.05337  
88  1.06679  
89  1.08092  
90  1.09667  
91  1.11331  
92  1.13131  
93  1.15195  
94  1.17397  
95  1.19833  
96  1.23081  
97  1.27134  
98  1.3296  
99  1.45115  
