41  0.154978  
42  0.162457  
44  0.17688  
45  0.184667  
46  0.192677  
47  0.200019  
48  0.207333  
49  0.214248  
50  0.222067  
51  0.230221  
52  0.237807  
53  0.245556  
54  0.25427  
55  0.261665  
56  0.270543  
57  0.27898  
58  0.285933  
59  0.293265  
60  0.301345  
61  0.308911  
62  0.316972  
63  0.324432  
64  0.33181  
65  0.339667  
66  0.346982  
67  0.355309  
68  0.364701  
69  0.374507  
70  0.383685  
71  0.392484  
72  0.403417  
73  0.413356  
74  0.423743  
75  0.43308  
76  0.443615  
77  0.455005  
78  0.464752  
79  0.475214  
80  0.486124  
81  0.496825  
82  0.508012  
83  0.518984  
84  0.529902  
85  0.54195  
86  0.552856  
87  0.56516  
88  0.57373  
89  0.583906  
90  0.593018  
91  0.602124  
92  0.610503  
93  0.618737  
94  0.62765  
95  0.636786  
96  0.645043  
97  0.653558  
98  0.662136  
