41  0.715283  
42  0.728192  
44  0.754616  
45  0.767013  
46  0.779744  
47  0.7925  
48  0.805418  
49  0.818684  
50  0.831695  
51  0.843551  
52  0.855715  
53  0.868264  
54  0.880265  
55  0.892931  
56  0.903726  
57  0.914793  
58  0.927463  
59  0.940563  
60  0.952291  
61  0.9647  
62  0.97711  
63  0.989588  
64  1.00217  
65  1.01522  
66  1.02837  
67  1.04143  
68  1.05504  
69  1.06817  
70  1.08267  
71  1.09754  
72  1.11104  
73  1.12586  
74  1.14153  
75  1.15692  
76  1.17312  
77  1.18935  
78  1.2075  
79  1.22668  
80  1.24565  
81  1.26716  
82  1.2881  
83  1.3122  
84  1.34268  
85  1.37276  
86  1.40954  
87  1.49057  
88  1.50386  
89  1.56186  
90  1.61066  
91  1.72648  
92  1.76053  
93  1.81683  
94  1.92934  
95  2.09491  
96  2.30044  
97  2.57317  
98  2.91741  
