0.1594  0.20
0.2046  0.24
0.2485  0.28
0.2862  0.32
0.3279  0.36
0.3693  0.40
0.3795  0.41
0.3878  0.42
0.3969  0.43
0.4067  0.44
0.4155  0.45
0.4236  0.46
0.4333  0.47
0.4427  0.48
0.4529  0.49
0.4630  0.50
0.4733  0.51
0.4833  0.52
0.4937  0.53
0.5035  0.54
0.5134  0.55
0.5237  0.56
0.5336  0.57
0.5430  0.58
0.5528  0.59
0.5649  0.60
0.5740  0.61
0.5843  0.62
0.5946  0.63
0.6046  0.64
0.6142  0.65
0.6230  0.66
0.6331  0.67
0.6412  0.68
0.6520  0.69
0.6622  0.70
0.6722  0.71
0.6844  0.72
0.6937  0.73
0.7039  0.74
0.7122  0.75
0.7219  0.76
0.7329  0.77
0.7428  0.78
0.7541  0.79
0.7640  0.80
0.7741  0.81
0.7856  0.82
0.7968  0.83
0.8057  0.84
0.8136  0.85
0.8231  0.86
0.8328  0.87
0.8428  0.88
0.8534  0.89
0.8635  0.90
0.8737  0.91
0.8820  0.92
0.8911  0.93
0.9004  0.94
0.9097  0.95
0.9198  0.96
0.9309  0.97
0.9404  0.98
0.9495  0.99
0.9597  1.00
