0.20 3874.150000
0.24 3682.760000
0.28 3535.980000
0.32 3410.530000
0.36 3312.400000
0.40 3227.460000
0.41 3209.860000
0.42 3177.950000
0.43 3153.380000
0.44 3134.440000
0.45 3105.180000
0.46 3078.210000
0.47 3051.630000
0.48 3027.750000
0.49 3006.150000
0.50 2982.930000
0.51 2966.400000
0.52 2945.210000
0.53 2926.000000
0.54 2911.200000
0.55 2893.110000
0.56 2876.520000
0.57 2856.980000
0.58 2833.770000
0.59 2814.870000
0.60 2805.430000
0.61 2785.270000
0.62 2769.620000
0.63 2753.300000
0.64 2735.880000
0.65 2719.780000
0.66 2704.300000
0.67 2686.740000
0.68 2669.930000
0.69 2658.400000
0.70 2644.790000
0.71 2628.070000
0.72 2619.960000
0.73 2603.700000
0.74 2590.780000
0.75 2573.520000
0.76 2561.590000
0.77 2548.830000
0.78 2536.150000
0.79 2526.410000
0.80 2512.340000
0.81 2501.160000
0.82 2493.640000
0.83 2488.630000
0.84 2472.480000
0.85 2456.980000
0.86 2444.550000
0.87 2433.160000
0.88 2424.260000
0.89 2416.850000
0.90 2409.580000
0.91 2401.240000
0.92 2386.640000
0.93 2375.850000
0.94 2365.350000
0.95 2353.870000
0.96 2346.110000
0.97 2339.130000
0.98 2327.410000
0.99 2321.340000
1.00 2315.640000
