0.20 1486.460000
0.24 678.528000
0.28 398.848000
0.32 402.031000
0.36 322.428000
0.40 257.145000
0.41 241.932000
0.42 262.399000
0.43 262.573000
0.44 253.292000
0.45 263.596000
0.46 281.982000
0.47 278.609000
0.48 276.893000
0.49 265.181000
0.50 256.142000
0.51 244.256000
0.52 235.049000
0.53 224.222000
0.54 219.803000
0.55 211.486000
0.56 200.826000
0.57 194.829000
0.58 195.356000
0.59 189.017000
0.60 163.117000
0.61 167.486000
0.62 158.338000
0.63 151.019000
0.64 148.086000
0.65 146.548000
0.66 149.983000
0.67 147.834000
0.68 157.935000
0.69 146.852000
0.70 140.671000
0.71 135.352000
0.72 114.754000
0.73 116.533000
0.74 113.129000
0.75 122.729000
0.76 120.668000
0.77 111.010000
0.78 108.651000
0.79 98.322200
0.80 97.412000
0.81 93.075000
0.82 81.907900
0.83 69.207000
0.84 76.986700
0.85 88.542700
0.86 89.583600
0.87 89.804000
0.88 87.968900
0.89 81.310300
0.90 77.605000
0.91 74.930300
0.92 84.390300
0.93 86.641100
0.94 88.777000
0.95 92.635700
0.96 90.874400
0.97 85.273400
0.98 86.212100
0.99 87.387600
1.00 85.118700
