0.20 -200129.000000
0.24 -146054.000000
0.28 -120935.000000
0.32 -107950.000000
0.36 -97691.300000
0.40 -89853.700000
0.41 -88724.200000
0.42 -85643.300000
0.43 -83642.300000
0.44 -82297.200000
0.45 -79767.800000
0.46 -77592.100000
0.47 -75296.900000
0.48 -73522.500000
0.49 -71758.200000
0.50 -69939.200000
0.51 -68732.000000
0.52 -67129.000000
0.53 -65523.700000
0.54 -64593.500000
0.55 -63401.000000
0.56 -62248.700000
0.57 -60911.600000
0.58 -59328.200000
0.59 -58056.300000
0.60 -57376.900000
0.61 -56020.400000
0.62 -55078.600000
0.63 -54005.100000
0.64 -52893.800000
0.65 -51953.900000
0.66 -51159.800000
0.67 -49945.800000
0.68 -49117.100000
0.69 -48448.700000
0.70 -47712.500000
0.71 -46711.400000
0.72 -46281.800000
0.73 -45395.600000
0.74 -44670.200000
0.75 -43635.800000
0.76 -43062.200000
0.77 -42377.000000
0.78 -41725.400000
0.79 -41206.400000
0.80 -40402.200000
0.81 -39913.700000
0.82 -39687.300000
0.83 -39752.400000
0.84 -38621.800000
0.85 -37716.600000
0.86 -37094.200000
0.87 -36539.300000
0.88 -36149.800000
0.89 -35900.800000
0.90 -35705.300000
0.91 -35313.800000
0.92 -34402.700000
0.93 -33958.500000
0.94 -33428.100000
0.95 -32754.300000
0.96 -32376.300000
0.97 -31990.900000
0.98 -31359.800000
0.99 -31194.000000
1.00 -30949.400000
