0.20 1454500.000000
0.24 799736.000000
0.28 492015.000000
0.32 498981.000000
0.36 403915.000000
0.40 325208.000000
0.41 307280.000000
0.42 332335.000000
0.43 332853.000000
0.44 321924.000000
0.45 334780.000000
0.46 357863.000000
0.47 353986.000000
0.48 352020.000000
0.49 337744.000000
0.50 326844.000000
0.51 312081.000000
0.52 300657.000000
0.53 287352.000000
0.54 281842.000000
0.55 271556.000000
0.56 258343.000000
0.57 250842.000000
0.58 251743.000000
0.59 243688.000000
0.60 211002.000000
0.61 216544.000000
0.62 204984.000000
0.63 195892.000000
0.64 192044.000000
0.65 190217.000000
0.66 194689.000000
0.67 192221.000000
0.68 205042.000000
0.69 190741.000000
0.70 183202.000000
0.71 176151.000000
0.72 150106.000000
0.73 152311.000000
0.74 148045.000000
0.75 160339.000000
0.76 157682.000000
0.77 145449.000000
0.78 142306.000000
0.79 129002.000000
0.80 127786.000000
0.81 122243.000000
0.82 108095.000000
0.83 91854.200000
0.84 101830.000000
0.85 116505.000000
0.86 117850.000000
0.87 118073.000000
0.88 116069.000000
0.89 107364.000000
0.90 102769.000000
0.91 99263.300000
0.92 111587.000000
0.93 114408.000000
0.94 117131.000000
0.95 122224.000000
0.96 119499.000000
0.97 112413.000000
0.98 113565.000000
0.99 115164.000000
1.00 112075.000000
