0.20  0.7416
0.24  0.0622
0.28  0.3446
0.32  0.5059
0.40  1.0000
0.41  0.5690
0.42  0.4846
0.43  0.9542
0.44  0.4865
0.45  0.4871
0.46  0.4893
0.47  0.4929
0.48  0.4681
0.49  0.4672
0.50  0.4757
0.51  0.4747
0.52  0.4648
0.53  0.4543
0.54  0.4535
0.55  0.4350
0.56  0.4384
0.57  0.4317
0.58  0.4239
0.59  0.4152
0.60  0.4070
0.61  0.3988
0.62  0.3922
0.63  0.3826
0.64  0.3678
0.65  0.3584
0.66  0.3421
0.67  0.3381
0.68  0.3290
0.69  0.3208
0.70  0.3124
0.71  0.2974
0.72  0.2951
0.73  0.2846
0.74  0.2703
0.75  0.2519
0.76  0.2458
0.77  0.2370
0.78  0.2188
0.79  0.1970
0.80  0.1935
0.81  0.1751
0.82  0.1543
0.83  0.1474
0.84  0.1267
0.85  0.1168
0.86  0.0893
0.87  0.0000
0.88  0.0526
0.89  0.0481
0.90  0.0426
0.91  0.0234
0.92  0.0148
0.93  0.0053
0.94  0.0000
0.95  0.0000
0.96  0.0000
0.97  0.0289
0.98  0.0000
0.99  0.0000
1.00  0.0000
