0.20  5.0000
0.24  0.2000
0.28  1.0000
0.32  1.0000
0.40  0.7431
0.41  1.0000
0.42  1.0000
0.43  5.0000
0.44  1.0000
0.45  1.0000
0.46  1.0000
0.47  1.0000
0.48  1.0000
0.49  1.0000
0.50  1.0000
0.51  1.0000
0.52  1.0000
0.53  1.0000
0.54  1.0000
0.55  1.0000
0.56  1.0000
0.57  1.0000
0.58  1.0000
0.59  1.0000
0.60  1.0000
0.61  1.0000
0.62  1.0000
0.63  1.0000
0.64  1.0000
0.65  1.0000
0.66  1.0000
0.67  1.0000
0.68  1.0000
0.69  1.0000
0.70  1.0000
0.71  1.0000
0.72  1.0000
0.73  1.0000
0.74  1.0000
0.75  1.0000
0.76  1.0000
0.77  1.0000
0.78  1.0000
0.79  1.0000
0.80  1.0000
0.81  1.0000
0.82  1.0000
0.83  1.0000
0.84  1.0000
0.85  1.0000
0.86  1.0000
0.87  0.7483
0.88  1.0000
0.89  1.0000
0.90  1.0000
0.91  1.0000
0.92  1.0000
0.93  1.0000
0.94  0.9731
0.95  0.9980
0.96  1.0423
0.97  1.0000
0.98  1.1194
0.99  1.1354
1.00  1.1660
