0.20  0.0635
0.24  0.4198
0.28  0.0944
0.32  0.0985
0.40  0.1071
0.41  0.1087
0.42  0.1095
0.43  0.1135
0.44  0.1117
0.45  0.1126
0.46  0.1140
0.47  0.1152
0.48  0.1157
0.49  0.1176
0.50  0.1193
0.51  0.1202
0.52  0.1215
0.53  0.1225
0.54  0.1233
0.55  0.1239
0.56  0.1254
0.57  0.1261
0.58  0.1285
0.59  0.1291
0.60  0.1298
0.61  0.1297
0.62  0.1313
0.63  0.1327
0.64  0.1335
0.65  0.1349
0.66  0.1364
0.67  0.1368
0.68  0.1381
0.69  0.1392
0.70  0.1398
0.71  0.1416
0.72  0.1415
0.73  0.1415
0.74  0.1427
0.75  0.1438
0.76  0.1452
0.77  0.1463
0.78  0.1473
0.79  0.1488
0.80  0.1491
0.81  0.1500
0.82  0.1504
0.83  0.1520
0.84  0.1538
0.85  0.1543
0.86  0.1567
0.87  0.2119
0.88  0.1609
0.89  0.1618
0.90  0.1630
0.91  0.1640
0.92  0.1653
0.93  0.1668
0.94  0.1721
0.95  0.1686
0.96  0.1632
0.97  0.1713
0.98  0.1537
0.99  0.1515
1.00  0.1485
