0.20  0.1089
0.24  0.1042
0.28  0.1023
0.32  0.1160
0.40  0.1306
0.41  0.1284
0.42  0.1308
0.43  0.1482
0.44  0.1363
0.45  0.1388
0.46  0.1365
0.47  0.1378
0.48  0.1427
0.49  0.1429
0.50  0.1381
0.51  0.1379
0.52  0.1379
0.53  0.1384
0.54  0.1332
0.55  0.1401
0.56  0.1291
0.57  0.1238
0.58  0.1208
0.59  0.1309
0.60  0.1324
0.61  0.1468
0.62  0.1403
0.63  0.1432
0.64  0.1558
0.65  0.1576
0.66  0.1639
0.67  0.1733
0.68  0.1695
0.69  0.1638
0.70  0.1691
0.71  0.1679
0.72  0.1674
0.73  0.1766
0.74  0.1697
0.75  0.1798
0.76  0.1732
0.77  0.1590
0.78  0.1677
0.79  0.1685
0.80  0.1745
0.81  0.1782
0.82  0.1866
0.83  0.1851
0.84  0.1889
0.85  0.1846
0.86  0.1733
0.87  0.1773
0.88  0.1476
0.89  0.1398
0.90  0.1296
0.91  0.1341
0.92  0.1213
0.93  0.1089
0.94  0.1069
0.95  0.1089
0.96  0.1050
0.97  0.1047
0.98  0.1057
0.99  0.1075
1.00  0.1138
