0.20  1.6887
0.24  1.6416
0.28  1.6513
0.32  1.6459
0.40  1.5898
0.41  1.5901
0.42  1.5840
0.43  1.5289
0.44  1.5909
0.45  1.5771
0.46  1.5703
0.47  1.5699
0.48  1.5701
0.49  1.5801
0.50  1.5804
0.51  1.5731
0.52  1.5726
0.53  1.5694
0.54  1.5975
0.55  1.5638
0.56  1.6297
0.57  1.6736
0.58  1.7151
0.59  1.6248
0.60  1.6125
0.61  1.5162
0.62  1.5632
0.63  1.5453
0.64  1.4786
0.65  1.4790
0.66  1.4687
0.67  1.4748
0.68  1.4503
0.69  1.4504
0.70  1.4434
0.71  1.4557
0.72  1.4390
0.73  1.4171
0.74  1.4212
0.75  1.4058
0.76  1.4098
0.77  1.4641
0.78  1.4221
0.79  1.4263
0.80  1.3957
0.81  1.3839
0.82  1.3616
0.83  1.3547
0.84  1.3659
0.85  1.3532
0.86  1.3931
0.87  1.3968
0.88  1.5811
0.89  1.6593
0.90  1.7737
0.91  1.7220
0.92  1.8817
0.93  2.0780
0.94  2.1164
0.95  2.0793
0.96  2.1569
0.97  2.1624
0.98  2.1436
0.99  2.1156
1.00  2.0078
