0.20  0.8502
0.24  0.6981
0.28  0.5748
0.32  0.6835
0.40  0.6697
0.41  0.6186
0.42  0.6266
0.43  0.7514
0.44  0.6727
0.45  0.6759
0.46  0.6243
0.47  0.6248
0.48  0.6702
0.49  0.6678
0.50  0.5886
0.51  0.5609
0.52  0.5454
0.53  0.5297
0.54  0.4551
0.55  0.5105
0.56  0.3881
0.57  0.3170
0.58  0.3094
0.59  0.3622
0.60  0.3516
0.61  0.4554
0.62  0.3917
0.63  0.4028
0.64  0.5111
0.65  0.5300
0.66  0.6009
0.67  0.7133
0.68  0.6293
0.69  0.5343
0.70  0.5893
0.71  0.5814
0.72  0.5311
0.73  0.6218
0.74  0.5048
0.75  0.6333
0.76  0.5313
0.77  0.3532
0.78  0.4273
0.79  0.4443
0.80  0.4785
0.81  0.5072
0.82  0.6022
0.83  0.5625
0.84  0.6373
0.85  0.5359
0.86  0.4035
0.87  0.4834
0.88  0.2548
0.89  0.2230
0.90  0.1796
0.91  0.1886
0.92  0.1493
0.93  0.1241
0.94  0.1160
0.95  0.1186
0.96  0.1183
0.97  0.1162
0.98  0.1088
0.99  0.1038
1.00  0.1141
