50
0.505
1.005
0
0.858539534883721
0.871127906976744
0.884241860465116
0.897216279069767
0.909388372093023
0.921883720930233
0.933497674418605
0.946786046511628
0.96
0.97273488372093
0.984304651162791
0.995532558139535
1.00822558139535
1.0212
1.03533488372093
1.0464023255814
1.05795813953488
1.06960930232558
1.08045348837209
1.09276976744186
1.10597209302326
1.11755813953488
1.12977906976744
1.14151162790698
1.15276046511628
1.16494418604651
1.1758
1.18771162790698
1.19944651162791
1.21096976744186
1.22175581395349
1.23286511627907
1.24457906976744
1.25604418604651
1.26713720930233
1.27793255813953
1.29023488372093
1.30100930232558
1.31277674418605
1.32304186046512
1.33321395348837
1.34453488372093
1.35373023255814
1.36578604651163
1.37583255813953
1.3859023255814
1.39743023255814
1.40760930232558
1.4188488372093
1.43012558139535
0
