50
0.505
1.005
0
0.358318604651163
0.367358139534884
0.375937209302326
0.385274418604651
0.394288372093023
0.403432558139535
0.412355813953488
0.420918604651163
0.430116279069767
0.439353488372093
0.448488372093023
0.457674418604651
0.46623023255814
0.475113953488372
0.484353488372093
0.493318604651163
0.502458139534884
0.51146976744186
0.520869767441861
0.530116279069767
0.5393
0.548218604651163
0.557620930232558
0.566904651162791
0.576279069767442
0.585451162790698
0.59463023255814
0.603104651162791
0.612355813953488
0.62166976744186
0.630862790697674
0.639846511627907
0.649381395348837
0.658753488372093
0.668181395348837
0.677102325581395
0.686062790697675
0.694962790697674
0.704874418604651
0.71416976744186
0.723320930232558
0.732741860465116
0.741753488372093
0.75093023255814
0.76066511627907
0.769946511627907
0.779088372093023
0.788344186046512
0.797876744186046
0.807490697674419
0
