50
0.505
1.005
0
0.24166511627907
0.24913488372093
0.257353488372093
0.264841860465116
0.272520930232558
0.280979069767442
0.288983720930233
0.29723488372093
0.304690697674419
0.312681395348837
0.320841860465116
0.329162790697674
0.3366
0.345006976744186
0.354425581395349
0.361609302325581
0.369427906976744
0.378481395348837
0.386725581395349
0.394916279069767
0.40336511627907
0.411320930232558
0.418951162790698
0.427446511627907
0.435737209302326
0.443695348837209
0.451690697674419
0.45996976744186
0.468048837209302
0.4763
0.484060465116279
0.492639534883721
0.501193023255814
0.509009302325581
0.518351162790698
0.526674418604651
0.535304651162791
0.544390697674419
0.552297674418605
0.560620930232558
0.569093023255814
0.577413953488372
0.587116279069767
0.595211627906977
0.603493023255814
0.611504651162791
0.619358139534884
0.627616279069767
0.63613488372093
0.644844186046512
0
