50
0.505
1.005
0
0.663651162790698
0.67503023255814
0.686944186046512
0.698602325581395
0.709874418604651
0.721713953488372
0.73373488372093
0.745176744186047
0.756767441860465
0.768109302325581
0.779251162790698
0.790755813953488
0.801976744186046
0.813225581395349
0.824693023255814
0.835755813953488
0.847211627906977
0.859060465116279
0.870248837209302
0.881381395348837
0.892579069767442
0.903862790697674
0.915355813953488
0.926555813953488
0.937567441860465
0.948583720930233
0.959790697674419
0.970402325581395
0.981239534883721
0.992523255813954
1.00336744186047
1.01444186046512
1.02533255813953
1.03596279069767
1.04712790697674
1.05817674418605
1.06858139534884
1.08013255813953
1.0910976744186
1.1017488372093
1.11213488372093
1.12325581395349
1.13381627906977
1.1445976744186
1.15534418604651
1.16653488372093
1.17705813953488
1.18766511627907
1.19816511627907
1.20877674418605
0
