   1)    0   0
   2)    2   0
   3)    2   0
   4)    2   0
   5)    3   0
   6)    4   0
   7)    5   0
   8)    5   0
   9)    7   0
  10)    7   0
  11)    9   0
  12)    9   0
  13)   11   0
  14)   11   0
  15)   11   0
  16)   13   0
  17)   13   0
  18)   14   0
  19)   15   0
  20)   15   0
  21)   16   0
  22)   17   0
  23)   18   0
  24)   19   0
  25)   20   0
  26)   20   0
  27)   21   0
  28)   22   0
  29)   23   0
  30)   24   0
  31)   25   0
  32)   26   0
  33)   26   0
  34)   28   0
  35)   28   0
  36)   28   0
  37)   30   0
  38)   30   0
  39)   31   0
  40)   32   0
  41)   33   0
  42)   33   0
  43)   35   0
  44)   35   0
  45)   35   0
  46)   36   0
  47)   37   0
  48)   38   0
  49)   38   0
  50)   40   0
  51)   40   0
  52)   41   0
  53)   42   0
  54)   42   0
  55)   43   0
  56)   44   0
  57)   45   0
  58)   45   0
  59)   47   0
  60)   47   0
  61)   48   0
  62)   49   0
  63)   50   0
  64)   50   0
  65)   34   0
  66)   34   0
  67)   34   0
  68)   35   0
  69)   36   0
  70)   37   0
  71)   37   0
  72)   39   0
  73)   39   0
  74)  -81   1
  75)  -20   1
  76)  -19   1
  77)  -18   1
  78)  -17   1
  79)  -15   1
  80)  -15   1
  81)  -13   1
  82)  -13   1
  83)  -12   1
  84)  -11   1
  85)  -10   1
  86)   -9   1
  87)   -8   1
  88)   -7   1
  89)   -7   1
  90)   -6   1
  91)   -5   1
  92)   -5   1
  93)   -3   1
  94)   -3   1
  95)   -2   1
  96)   -1   1
  97)    0   1
  98)    0   1
  99)    2   1
 100)    2   1
 101)    2   1
 102)    4   1
 103)    4   1
 104)    5   1
 105)    6   1
 106)    7   1
 107)    7   1
 108)    8   1
 109)    9   1
 110)    9   1
 111)   11   1
 112)   11   1
 113)   12   1
 114)   13   1
 115)   13   1
 116)   14   1
 117)   15   1
 118)   16   1
 119)   16   1
 120)   18   1
 121)   18   1
 122)   20   1
 123)   20   1
 124)   21   1
 125)   22   1
 126)   23   1
 127)   24   1
 128)   25   1
 129)   27   1
 130)    7   1
 131)    9   1
 132)    9   1
 133)   10   1
 134)   11   1
 135)   11   1
 136)   13   1
 137)   13   1
 138)   15   1
 139)   15   1
 140)   16   1
 141)   18   1
 142)   18   1
 143)   20   1
 144)   20   1
 145)   21   1
 146)   22   1
 147)   24   1
 148)   13   1
 149)   14   1
 150)   15   1
 151)   12   1
 152)   13   1
 153)   14   1
 154)   15   1
 155)   15   1
 156)   17   1
 157)   17   1
 158)   17   1
 159)   19   1
 160)   19   1
 161)   20   1
 162)   21   1
 163)   22   1
 164)   22   1
 165)   23   1
 166)   24   1
 167)   24   1
 168)   26   1
 169)   26   1
 170)   27   1
 171)   28   1
 172)   29   1
 173)   29   1
 174)   30   1
 175)   31   1
 176)   31   1
 177)   32   1
 178)   33   1
 179)   34   1
 180)   34   1
 181)   36   1
 182)   36   1
 183)   36   1
 184)   38   1
 185)   38   1
 186)   40   1
 187)   40   1
 188)   42   1
 189)   42   1
 190)   44   1
 191)   44   1
 192)   45   1
 193)   46   1
 194)   47   1
 195)   48   1
 196)   49   1
 197)   50   1
 198)   51   1
 199)   52   1
 200)   52   1
 201)   53   1
 202)   55   1
 203)   55   1
 204)   57   1
 205)   57   1
 206)   59   1
 207)   59   1
 208)  -61   2
 209)  -60   2
 210)  -59   2
 211)  -58   2
 212)  -58   2
 213)  -56   2
 214)  -56   2
 215)  -54   2
 216)  -54   2
 217)  -52   2
 218)  -52   2
 219)  -50   2
 220)  -50   2
 221)  -49   2
 222)  -48   2
 223)  -47   2
 224)  -46   2
 225)  -45   2
 226)  -43   2
 227)  -43   2
 228)  -43   2
 229)  -41   2
 230)  -41   2
 231)  -40   2
 232)  -39   2
 233)  -38   2
 234)  -38   2
 235)  -36   2
 236)  -36   2
 237)  -35   2
 238)  -34   2
 239)  -34   2
 240)  -33   2
 241)  -32   2
 242)  -31   2
 243)  -31   2
 244)  -30   2
 245)  -29   2
 246)  -29   2
 247)  -27   2
 248)  -27   2
 249)  -26   2
 250)  -25   2
 251)  -24   2
 252)  -24   2
 253)  -24   2
 254)  -22   2
 255)  -22   2
 256)  -21   2
 257)  -20   2
 258)  -19   2
 259)  -19   2
 260)  -18   2
 261)  -17   2
 262)  -17   2
 263)  -15   2
 264)  -15   2
 265)  -14   2
 266)  -13   2
 267)  -12   2
 268)  -11   2
 269)  -11   2
 270)   -9   2
 271)   -8   2
 272)   -8   2
 273)   -7   2
 274)   -6   2
 275)   -6   2
 276)   -4   2
 277)   -4   2
 278)   -3   2
 279)   -3   2
 280)  -12   2
 281)  -11   2
 282)  -11   2
 283)   -9   2
 284)   -9   2
 285)   -9   2
 286)   -7   2
 287)   -7   2
 288)   -6   2
 289)   -5   2
 290)   -4   2
 291)   -4   2
 292)   -2   2
 293)   -2   2
 294)  -22   2
 295)  -20   2
 296)  -20   2
 297)  -19   2
 298)  -18   2
 299)  -17   2
 300)  -17   2
 301)  -17   2
 302)  -15   2
 303)  -15   2
 304)  -14   2
 305)  -13   2
 306)  -12   2
 307)  -12   2
 308)  -10   2
 309)  -10   2
 310)   -9   2
 311)   -8   2
 312)   -8   2
 313)   -7   2
 314)   -6   2
 315)   -5   2
 316)   -4   2
 317)   -4   2
 318)   -3   2
 319)   -2   2
 320)   -1   2
 321)   -1   2
 322)    1   2
 323)    1   2
 324)    2   2
 325)    2   2
 326)    4   2
 327)    4   2
 328)    5   2
 329)    6   2
 330)    6   2
 331)    7   2
 332)    8   2
 333)    9   2
 334)    9   2
 335)   10   2
 336)   11   2
 337)   12   2
 338)   13   2
 339)   13   2
 340)   14   2
 341)   16   2
 342)   16   2
 343)   16   2
 344)   18   2
 345)   18   2
 346)   19   2
 347)   20   2
 348)   20   2
 349)   21   2
 350)   22   2
 351)   23   2
 352)   23   2
 353)   24   2
 354)   25   2
 355)   25   2
 356)   26   2
 357)   27   2
 358)   28   2
 359)   28   2
 360)   30   2
 361)   30   2
 362)   30   2
 363)   32   2
 364)   32   2
 365)   33   2
 366)   33   2
 367)   35   2
 368)   35   2
 369)   36   2
 370)   37   2
 371)   38   2
 372)   38   2
 373)   39   2
 374)   40   2
 375)   40   2
 376)   42   2
 377)   42   2
 378)   43   2
 379)   43   2
 380)   44   2
 381)   45   2
 382)   45   2
 383)   47   2
 384)   47   2
 385)   48   2
 386)   49   2
 387)   37   2
 388)   38   2
 389)   39   2
 390)   40   2
 391)   40   2
 392)   41   2
 393)   42   2
 394)   42   2
 395)   43   2
 396)   44   2
 397)   45   2
 398)   46   2
 399)   46   2
 400)   48   2
 401)   49   2
 402)   50   2
 403)   51   2
 404)   51   2
 405)   53   2
 406)   53   2
 407)   55   2
 408)   55   2
 409)   56   2
 410)   57   2
 411)   54   2
 412)   56   2
 413)   56   2
 414)   56   2
 415)   58   2
 416)   58   2
 417)   59   2
 418)   60   2
 419)   60   2
 420)  -60   3
 421)  -60   3
 422)  -58   3
 423)  -58   3
 424)  -57   3
 425)  -57   3
 426)  -56   3
 427)  -55   3
 428)  -55   3
 429)  -53   3
 430)  -52   3
 431)  -52   3
 432)  -51   3
 433)  -51   3
 434)  -49   3
 435)  -49   3
 436)  -49   3
 437)  -47   3
 438)  -47   3
 439)  -46   3
 440)  -45   3
 441)  -45   3
 442)  -44   3
 443)  -43   3
 444)  -42   3
 445)  -42   3
 446)  -40   3
 447)  -40   3
 448)  -40   3
 449)  -38   3
 450)  -38   3
 451)  -38   3
 452)  -37   3
 453)  -36   3
 454)  -35   3
 455)  -35   3
 456)  -33   3
 457)  -33   3
 458)  -33   3
 459)  -32   3
 460)  -31   3
 461)  -30   3
 462)  -30   3
 463)  -29   3
 464)  -28   3
 465)  -28   3
 466)  -26   3
 467)  -26   3
 468)  -26   3
 469)  -24   3
 470)  -24   3
 471)  -23   3
 472)  -22   3
 473)  -21   3
 474)  -21   3
 475)  -20   3
 476)  -19   3
 477)  -18   3
 478)  -17   3
 479)  -17   3
 480)  -17   3
 481)  -16   3
 482)  -15   3
 483)  -14   3
 484)  -14   3
 485)  -13   3
 486)  -12   3
 487)  -12   3
 488)  -10   3
 489)   -9   3
 490)   -7   3
 491)   -7   3
 492)   -6   3
 493)   -5   3
 494)   -5   3
 495)   -4   3
 496)   -3   3
 497)   -3   3
 498)   -2   3
 499)   -1   3
 500)    0   3
 501)    0   3
 502)    2   3
 503)    2   3
 504)    3   3
 505)    4   3
 506)    4   3
 507)  -56   4

special:
   1)    0   0
  65)   34   0
  97)    0   1
 130)    7   1
 148)   13   1
 151)   12   1
 278)   -3   2
 292)   -2   2
 320)   -1   2
 387)   37   2
 411)   54   2
 500)    0   3
